417 602
417 643
417 646
417 812
417 936
417 915
417 1056
417 1060
417 418
417 1067
418 643
418 645
418 813
418 915
418 936
418 907
418 1030
418 1045
418 1056
418 1067
418 646
418 417
418 602
418 934
418 620
418 812
418 1049
418 1093
418 1039
418 601
418 1060
418 1048
418 817
418 653
418 965
418 1001
418 1078
418 1052
420 936
420 1056
420 1067
424 598
424 824
424 826
424 828
424 831
424 832
424 868
424 880
424 882
424 897
424 898
424 936
424 1028
424 1045
424 1049
424 1056
424 867
424 1067
424 995
424 1023
424 994
426 831
426 898
426 936
426 995
426 1049
426 1056
426 1067
426 1045
426 994
426 880
426 1023
426 828
426 867
427 436
427 805
427 862
427 865
427 912
427 947
427 824
427 739
427 1044
427 1120
427 831
427 853
427 994
427 915
427 936
427 1045
427 1049
427 1056
427 1067
427 816
427 817
427 819
427 907
427 953
427 958
427 880
427 1023
427 979
427 995
427 1101
427 834
427 987
427 1095
427 1041
427 1091
427 1100
427 961
427 954
427 1090
427 528
428 739
428 805
428 865
428 953
428 1041
428 817
428 947
428 864
428 958
428 1049
428 1044
429 936
429 1049
429 834
429 832
436 831
436 427
436 805
436 862
436 865
436 912
436 947
436 824
436 853
436 1174
436 817
436 907
436 978
436 979
436 1095
436 994
436 953
436 958
436 995
436 1056
436 819
436 1044
436 1049
436 880
436 936
436 1023
436 816
436 961
436 1067
436 1101
436 1120
436 1090
438 817
438 1165
438 1049
438 1101
438 831
438 836
438 867
438 894
438 936
438 1056
438 1189
438 987
438 1067
438 834
438 1093
438 1089
442 834
442 836
442 1049
442 1056
442 831
442 936
442 894
442 1090
445 1089
448 936
448 1049
448 1067
451 1049
456 1039
456 1067
456 831
456 936
456 1049
456 817
456 907
456 987
456 1044
456 1056
456 813
456 602
456 599
456 857
456 620
456 1030
456 1078
456 880
456 832
456 1045
456 666
460 875
460 880
463 832
463 880
463 936
463 937
463 1045
463 1056
463 1189
463 828
463 1023
463 1049
463 834
463 907
463 831
463 1067
463 867
463 836
463 894
463 1095
469 832
469 839
469 867
469 882
469 897
469 1027
469 1028
469 884
469 880
469 894
469 828
469 1049
469 936
469 1045
474 832
474 880
474 897
474 907
474 936
474 1045
474 1049
474 1067
475 1049
475 897
475 907
475 936
475 1031
475 713
475 880
475 915
475 1045
475 1067
475 1001
475 913
475 1030
489 865
489 913
489 979
489 1044
489 912
489 978
489 1067
489 832
489 880
489 882
489 897
489 898
489 907
489 1108
489 1113
489 1174
489 1049
489 1119
491 897
491 907
491 1049
491 1067
491 826
491 880
491 936
491 1030
491 1045
493 912
493 913
493 1119
493 1049
493 1067
493 1095
496 912
496 913
499 936
499 813
499 934
499 1056
499 857
499 867
499 938
499 1049
499 1119
499 935
499 965
499 666
499 832
499 894
499 915
499 937
499 815
499 817
499 964
499 1030
499 1045
499 939
499 1031
499 880
499 1132
499 602
499 646
499 1067
499 1093
500 1049
511 815
511 907
511 936
511 964
511 1049
511 1089
511 1167
511 777
511 832
511 602
511 666
511 846
511 1056
511 1066
511 1101
511 831
511 1045
511 1067
511 834
511 894
511 1090
511 676
511 836
511 817
511 675
515 1049
515 1067
519 915
519 936
519 1045
519 1049
519 1056
519 1067
519 817
521 1049
521 867
521 880
521 1119
521 936
521 1089
521 1189
521 894
521 925
521 937
521 1067
528 777
528 815
528 894
528 915
528 936
528 1031
528 1056
528 1119
528 666
528 964
528 1049
528 599
528 805
528 865
528 1039
528 1067
528 817
528 1045
528 862
528 961
528 819
528 857
528 1093
528 820
528 1089
528 1165
528 983
528 1132
528 1044
528 816
528 947
528 1101
528 880
528 937
528 427
528 831
528 834
528 958
528 867
528 1159
528 1153
528 925
528 987
528 994
528 836
528 864
530 1049
535 936
535 1049
535 1056
535 1067
536 602
537 1044
537 1049
537 1119
537 938
537 1165
537 964
539 1049
539 1089
540 805
540 862
540 865
540 1044
540 1120
540 1163
540 857
540 973
540 936
540 1056
540 550
540 1049
540 815
540 880
540 962
540 961
548 880
548 1119
548 867
550 832
550 857
550 867
550 880
550 882
550 1056
550 1163
550 884
550 1027
550 971
550 973
550 540
550 936
550 1045
550 1049
550 1028
550 865
569 1049
569 819
569 827
569 915
569 1067
569 817
569 1095
569 907
570 819
570 994
570 1049
570 817
570 915
570 936
570 987
570 1045
570 1056
570 1067
570 1101
570 816
570 907
570 1060
570 1031
574 816
574 1045
574 1056
574 1060
574 1067
574 936
574 1049
574 915
574 1030
574 1065
574 1066
574 907
583 868
583 880
583 898
583 1056
586 936
586 907
586 994
586 995
586 1030
586 1045
586 1049
586 1056
586 1067
586 815
586 827
586 831
586 898
586 964
586 834
586 909
586 987
586 1119
586 897
586 867
586 1159
586 828
586 1095
586 598
586 868
586 880
586 1023
586 1001
586 1101
586 1113
586 979
586 832
586 857
586 817
586 839
586 894
586 1031
587 880
587 898
587 995
587 936
587 828
587 994
587 1023
587 1045
587 1049
587 1056
587 1067
588 828
588 832
588 936
588 1045
588 1049
588 1056
588 813
590 912
590 913
590 978
590 1067
590 1095
593 598
593 880
593 1042
593 995
593 1095
593 828
593 994
593 1039
593 901
593 1043
593 1067
593 1049
593 1056
593 812
593 857
593 936
593 907
593 913
593 1030
593 600
593 1045
593 912
593 904
593 964
593 1066
597 1043
598 868
598 1011
598 880
598 898
598 1001
598 1049
598 424
598 824
598 826
598 828
598 831
598 832
598 882
598 936
598 1028
598 1045
598 1056
598 867
598 1023
598 593
598 857
598 994
598 995
598 1067
598 586
598 865
598 996
598 1174
598 1113
598 875
599 602
599 645
599 936
599 1039
599 1049
599 662
599 1056
599 666
599 907
599 1030
599 1067
599 812
599 620
599 1045
599 528
599 456
599 817
599 1044
599 819
599 915
599 816
600 593
600 1067
600 1042
601 934
601 994
601 1001
601 645
601 713
601 813
601 936
601 602
601 915
601 995
601 1045
601 1056
601 1065
601 1067
601 1081
601 812
601 987
601 666
601 1049
601 665
601 817
601 646
601 1060
601 643
601 652
601 1039
601 816
601 620
601 1030
601 1093
601 418
601 1078
602 1030
602 1153
602 1167
602 713
602 777
602 907
602 936
602 1001
602 1049
602 1056
602 1067
602 599
602 645
602 831
602 832
602 1039
602 815
602 817
602 964
602 995
602 1045
602 915
602 1081
602 880
602 994
602 1066
602 417
602 643
602 644
602 646
602 812
602 868
602 819
602 834
602 846
602 1031
602 511
602 666
602 1089
602 1101
602 836
602 987
602 1165
602 601
602 867
602 934
602 1042
602 1065
602 620
602 813
602 894
602 1023
602 1078
602 676
602 842
602 1035
602 1189
602 1159
602 456
602 828
602 1043
602 665
602 1082
602 965
602 662
602 1047
602 652
602 653
602 1060
602 857
602 499
602 418
602 908
602 943
602 536
602 1048
602 1052
606 1049
613 884
616 834
616 894
616 1049
616 880
616 1056
616 831
616 1089
616 936
616 836
616 832
616 817
620 602
620 936
620 1030
620 1049
620 1056
620 1067
620 987
620 666
620 643
620 812
620 908
620 1039
620 599
620 1045
620 646
620 1081
620 817
620 934
620 994
620 1060
620 813
620 915
620 995
620 645
620 418
620 601
620 456
620 1078
623 1067
623 1095
623 1100
623 817
623 907
623 978
623 979
623 915
623 936
623 1056
623 1049
623 987
623 827
629 828
629 936
629 1045
629 1056
629 831
629 907
629 1067
629 834
629 880
629 897
629 1048
629 826
629 1030
629 832
629 995
629 815
629 820
629 827
629 817
629 819
629 1078
629 964
629 1001
629 813
629 857
641 1030
641 1067
641 646
643 645
643 936
643 994
643 1001
643 1030
643 1045
643 1049
643 1056
643 1067
643 417
643 602
643 644
643 646
643 812
643 868
643 1039
643 653
643 880
643 418
643 813
643 915
643 620
643 943
643 1065
643 601
643 652
643 934
643 1060
643 1081
643 817
644 602
644 643
644 646
644 936
644 994
644 1039
644 915
645 901
645 907
645 1030
645 1066
645 1067
645 665
645 908
645 1039
645 1049
645 1056
645 1078
645 817
645 819
645 915
645 994
645 1045
645 1060
645 1159
645 995
645 599
645 602
645 831
645 832
645 936
645 643
645 666
645 1001
645 646
645 812
645 868
645 713
645 813
645 897
645 601
645 934
645 662
645 1095
645 826
645 880
645 1065
645 418
645 964
645 965
645 815
645 620
645 1167
645 827
645 1048
645 648
645 1052
646 417
646 602
646 643
646 644
646 645
646 812
646 868
646 936
646 994
646 1039
646 915
646 1067
646 1001
646 418
646 934
646 1043
646 1056
646 601
646 1060
646 652
646 1065
646 1081
646 620
646 1045
646 817
646 653
646 499
646 813
646 1049
646 1030
646 1042
646 1078
646 907
646 880
646 641
646 1052
648 645
652 1067
652 601
652 643
652 646
652 915
652 936
652 994
652 1039
652 1056
652 1060
652 1045
652 602
653 812
653 994
653 1060
653 1045
653 643
653 880
653 602
653 646
653 915
653 936
653 1056
653 1067
653 813
653 418
654 994
656 880
656 1045
656 1049
656 1056
656 936
656 1067
656 832
657 1067
657 915
662 599
662 936
662 1049
662 1056
662 1159
662 1167
662 645
662 857
662 713
662 819
662 907
662 1023
662 1067
662 1095
662 820
662 831
662 832
662 834
662 964
662 1031
662 1045
662 1148
662 1153
662 815
662 817
662 910
662 937
662 987
662 666
662 1066
662 816
662 1039
662 665
662 894
662 1100
662 602
662 777
662 1165
662 965
662 915
662 1030
662 961
662 1119
662 813
662 1090
662 1089
662 1132
662 897
662 909
665 645
665 1039
665 1049
665 1056
665 666
665 777
665 1030
665 1067
665 1167
665 846
665 1045
665 834
665 601
665 817
665 936
665 964
665 602
665 676
665 662
665 1089
665 915
665 894
665 813
666 828
666 840
666 936
666 1045
666 1056
666 665
666 831
666 832
666 1016
666 1049
666 777
666 1030
666 1067
666 1167
666 645
666 907
666 994
666 964
666 995
666 1039
666 1119
666 1153
666 713
666 813
666 815
666 834
666 1042
666 511
666 602
666 846
666 1066
666 1089
666 1101
666 805
666 819
666 820
666 961
666 1159
666 934
666 965
666 1165
666 676
666 1035
666 1132
666 599
666 867
666 880
666 894
666 942
666 983
666 601
666 915
666 620
666 499
666 937
666 1023
666 1031
666 836
666 987
666 1047
666 1032
666 857
666 662
666 817
666 1107
666 818
666 528
666 1093
666 816
666 1044
666 1189
666 1060
666 1081
666 865
666 456
668 828
668 831
668 832
668 880
668 936
668 1049
668 1090
671 936
671 831
671 894
671 1049
671 1090
671 834
671 832
675 936
675 1049
675 511
675 834
675 1090
675 836
675 964
675 1101
675 832
676 834
676 846
676 936
676 1049
676 1078
676 1056
676 1101
676 1189
676 842
676 1089
676 666
676 1035
676 1167
676 987
676 511
676 1066
676 995
676 602
676 831
676 665
676 832
680 1049
680 834
682 1049
682 1056
682 819
682 907
682 987
682 1067
682 1098
682 1100
682 1093
682 816
682 817
682 1095
682 815
682 936
682 964
682 1101
683 834
683 1049
683 1165
683 817
683 964
683 1100
683 1148
683 820
683 857
683 1031
683 1153
683 815
683 937
683 961
683 1090
683 819
683 894
683 1119
683 749
686 824
691 936
691 831
691 1049
691 834
691 1089
713 602
713 907
713 936
713 1001
713 1030
713 1049
713 1056
713 1067
713 645
713 666
713 813
713 897
713 601
713 934
713 662
713 1095
713 1159
713 475
713 880
713 915
713 994
713 995
713 1031
713 1045
713 1119
713 834
713 964
713 987
713 817
713 832
713 815
713 1100
713 913
713 857
713 1132
713 909
719 864
731 1049
731 964
731 1148
731 1090
739 857
739 1041
739 1056
739 1119
739 427
739 805
739 862
739 865
739 1044
739 936
739 1049
739 428
739 944
739 953
739 958
739 864
739 817
739 947
739 961
739 834
739 1090
749 1049
749 1067
749 857
749 1148
749 907
749 937
749 1119
749 1031
749 817
749 1095
749 964
749 1100
749 834
749 783
749 815
749 683
749 1090
749 1153
777 511
777 820
777 832
777 936
777 1049
777 602
777 907
777 1030
777 1056
777 1067
777 665
777 666
777 1167
777 1078
777 1100
777 815
777 831
777 880
777 942
777 983
777 915
777 1039
777 819
777 834
777 1031
777 857
777 964
777 1045
777 1159
777 1165
777 961
777 528
777 894
777 1119
777 1089
777 1101
777 1189
777 817
777 836
777 1132
777 662
777 1153
783 834
783 894
783 964
783 1049
783 1056
783 1067
783 1090
783 1167
783 832
783 857
783 936
783 1031
783 1045
783 1148
783 1153
783 1078
783 817
783 815
783 1030
783 1100
783 1095
783 1119
783 749
783 907
785 817
785 964
785 1049
785 1056
785 1067
785 1101
785 1119
794 880
794 1044
805 427
805 436
805 862
805 865
805 868
805 912
805 947
805 540
805 739
805 1044
805 1120
805 1163
805 880
805 666
805 819
805 820
805 936
805 961
805 1039
805 1056
805 958
805 1174
805 428
805 944
805 953
805 1041
805 864
805 806
805 817
805 987
805 1049
805 1067
805 1119
805 963
805 1032
805 1090
805 1151
805 962
805 1033
805 857
805 528
805 816
805 854
805 1165
805 913
805 964
805 907
805 1091
805 1095
805 831
805 1101
805 893
805 834
805 1132
805 994
805 995
805 898
805 1045
805 1031
805 1089
805 1153
806 805
806 1049
806 1119
812 653
812 994
812 1060
812 417
812 602
812 643
812 645
812 646
812 868
812 936
812 1039
812 601
812 813
812 1001
812 599
812 915
812 1067
812 907
812 1045
812 1049
812 1056
812 593
812 620
812 1065
812 1081
812 1030
812 418
812 1042
812 880
813 936
813 965
813 1049
813 1056
813 1060
813 1067
813 1018
813 645
813 666
813 713
813 897
813 934
813 994
813 1001
813 1078
813 1167
813 601
813 499
813 995
813 1030
813 1045
813 602
813 812
813 418
813 643
813 915
813 1039
813 1042
813 1043
813 1065
813 588
813 826
813 834
813 868
813 908
813 907
813 865
813 880
813 832
813 857
813 884
813 1012
813 1028
813 1082
813 456
813 629
813 620
813 646
813 1048
813 817
813 1066
813 653
813 662
813 815
813 1027
813 665
813 831
813 1044
813 1052
814 1049
815 511
815 907
815 936
815 964
815 1049
815 832
815 1159
815 602
815 817
815 831
815 995
815 1045
815 1056
815 994
815 1089
815 1119
815 777
815 880
815 942
815 983
815 1001
815 1030
815 1066
815 1067
815 586
815 820
815 827
815 834
815 846
815 909
815 987
815 1165
815 819
815 1031
815 897
815 666
815 1039
815 828
815 857
815 867
815 1101
815 868
815 1095
815 894
815 1100
815 888
815 1016
815 882
815 938
815 1167
815 629
815 965
815 662
815 836
815 839
815 1023
815 818
815 499
815 683
815 937
815 1148
815 816
815 1035
815 944
815 1132
815 1171
815 961
815 1043
815 528
815 915
815 1173
815 1090
815 947
815 713
815 1098
815 1078
815 910
815 540
815 865
815 645
815 1113
815 826
815 1028
815 884
815 934
815 813
815 1189
815 1093
815 1047
815 1153
815 682
815 958
815 783
815 893
815 933
815 1027
815 1072
815 824
815 935
815 749
815 908
816 820
816 936
816 965
816 1049
816 1056
816 1060
816 1067
816 1081
816 819
816 824
816 831
816 832
816 888
816 897
816 1001
816 1031
816 947
816 953
816 958
816 427
816 817
816 907
816 828
816 865
816 880
816 912
816 913
816 937
816 961
816 987
816 1044
816 1089
816 1095
816 1098
816 1159
816 978
816 979
816 994
816 964
816 983
816 995
816 1045
816 1101
816 1165
816 910
816 915
816 1039
816 818
816 1023
816 815
816 574
816 1153
816 662
816 666
816 805
816 827
816 894
816 1030
816 1100
816 834
816 836
816 934
816 1090
816 1119
816 601
816 436
816 823
816 867
816 1065
816 599
816 528
816 570
816 1072
816 925
816 682
816 857
816 1148
816 1093
817 831
817 832
817 897
817 907
817 987
817 1049
817 1067
817 1095
817 936
817 961
817 1041
817 1044
817 1056
817 436
817 438
817 824
817 978
817 979
817 1100
817 1165
817 1098
817 645
817 819
817 915
817 925
817 994
817 1045
817 1060
817 1159
817 828
817 834
817 894
817 1023
817 1031
817 602
817 815
817 964
817 995
817 820
817 967
817 1090
817 836
817 1043
817 944
817 947
817 953
817 958
817 943
817 427
817 816
817 1119
817 839
817 1148
817 827
817 983
817 683
817 1161
817 1001
817 1030
817 623
817 818
817 601
817 665
817 1101
817 805
817 865
817 1089
817 662
817 1167
817 456
817 499
817 937
817 938
817 1091
817 629
817 785
817 846
817 1039
817 862
817 908
817 864
817 569
817 912
817 956
817 1093
817 666
817 713
817 1153
817 570
817 1047
817 1032
817 1171
817 739
817 777
817 934
817 620
817 646
817 1081
817 528
817 599
817 942
817 882
817 986
817 965
817 749
817 857
817 1065
817 586
817 823
817 913
817 813
817 1066
817 880
817 888
817 910
817 428
817 826
817 1028
817 935
817 1132
817 511
817 519
817 783
817 1072
817 682
817 1087
817 909
817 1189
817 868
817 898
817 1078
817 945
817 867
817 643
817 1027
817 884
817 418
817 616
818 1023
818 820
818 827
818 828
818 832
818 936
818 1049
818 817
818 819
818 907
818 964
818 1030
818 1056
818 1067
818 1100
818 880
818 815
818 831
818 1045
818 834
818 836
818 894
818 1089
818 816
818 1159
818 1031
818 1095
818 1101
818 666
818 1165
818 961
818 1167
818 857
818 1119
818 1132
818 983
818 934
818 937
818 987
818 1090
818 1148
818 1072
818 1153
818 1078
819 826
819 827
819 831
819 865
819 888
819 912
819 913
819 1089
819 964
819 978
819 979
819 987
819 1049
819 569
819 832
819 897
819 936
819 1045
819 645
819 817
819 907
819 915
819 925
819 994
819 1056
819 1060
819 1159
819 820
819 1090
819 1095
819 1100
819 816
819 824
819 882
819 1001
819 1031
819 602
819 777
819 815
819 834
819 880
819 942
819 983
819 1067
819 947
819 953
819 958
819 666
819 805
819 961
819 1039
819 427
819 662
819 1023
819 867
819 934
819 995
819 1065
819 1081
819 1098
819 570
819 1165
819 818
819 1030
819 1119
819 436
819 1044
819 944
819 1101
819 1072
819 629
819 894
819 836
819 862
819 828
819 1167
819 937
819 1091
819 909
819 945
819 682
819 857
819 965
819 1148
819 599
819 910
819 528
819 1093
819 823
819 868
819 1028
819 1132
819 1094
819 864
819 1027
819 1153
819 683
820 816
820 936
820 965
820 1049
820 1056
820 1067
820 777
820 818
820 827
820 832
820 817
820 819
820 907
820 1090
820 1095
820 1100
820 815
820 831
820 898
820 964
820 666
820 805
820 961
820 837
820 1045
820 865
820 868
820 880
820 937
820 987
820 1044
820 1089
820 1098
820 1159
820 1031
820 1101
820 1030
820 629
820 1119
820 1132
820 857
820 662
820 683
820 834
820 1148
820 1153
820 944
820 1167
820 942
820 1032
820 1165
820 983
820 836
820 894
820 910
820 528
820 867
820 839
820 1023
820 994
820 1189
820 934
820 1171
823 828
823 832
823 936
823 1005
823 1045
823 1049
823 1056
823 831
823 867
823 880
823 898
823 915
823 1060
823 1065
823 994
823 1067
823 827
823 817
823 819
823 868
823 907
823 816
823 824
823 894
823 1095
823 1030
823 937
823 983
824 427
824 436
824 686
824 873
824 424
824 598
824 826
824 828
824 829
824 831
824 832
824 868
824 880
824 882
824 897
824 898
824 936
824 1027
824 1028
824 1045
824 1049
824 1056
824 817
824 907
824 1095
824 1100
824 827
824 994
824 867
824 816
824 819
824 1023
824 995
824 865
824 886
824 987
824 862
824 1044
824 1067
824 894
824 938
824 834
824 1119
824 1005
824 857
824 947
824 1090
824 884
824 1101
824 823
824 964
824 958
824 934
824 1030
824 815
826 424
826 598
826 824
826 828
826 829
826 831
826 832
826 868
826 880
826 882
826 897
826 898
826 936
826 1027
826 1028
826 1045
826 1049
826 1056
826 819
826 827
826 888
826 867
826 1095
826 1011
826 839
826 884
826 995
826 1001
826 994
826 1023
826 645
826 934
826 1065
826 1067
826 629
826 907
826 1030
826 857
826 1113
826 1108
826 813
826 834
826 875
826 873
826 886
826 835
826 491
826 964
826 1060
826 1066
826 1090
826 815
826 817
826 871
826 894
826 1119
826 1048
827 828
827 832
827 898
827 934
827 935
827 936
827 995
827 1095
827 819
827 826
827 831
827 865
827 888
827 912
827 913
827 1089
827 897
827 964
827 1045
827 569
827 1049
827 818
827 820
827 965
827 824
827 829
827 994
827 1056
827 586
827 815
827 1067
827 907
827 1060
827 1028
827 894
827 1001
827 1030
827 839
827 884
827 1027
827 1023
827 834
827 979
827 862
827 1044
827 817
827 978
827 983
827 987
827 1100
827 1159
827 1165
827 880
827 1113
827 629
827 933
827 937
827 1101
827 868
827 882
827 875
827 915
827 836
827 816
827 1031
827 910
827 1090
827 823
827 857
827 1148
827 645
827 1119
827 1132
827 947
827 1072
827 925
827 1098
827 623
827 867
827 938
828 629
828 666
828 835
828 936
828 1045
828 1056
828 827
828 832
828 898
828 934
828 935
828 995
828 1005
828 1095
828 424
828 598
828 824
828 826
828 829
828 831
828 868
828 880
828 882
828 897
828 1027
828 1028
828 1049
828 817
828 834
828 894
828 1023
828 1031
828 1067
828 839
828 907
828 588
828 823
828 818
828 965
828 994
828 867
828 875
828 815
828 857
828 1101
828 586
828 884
828 463
828 587
828 1001
828 1011
828 593
828 1039
828 816
828 909
828 937
828 987
828 1089
828 1159
828 1119
828 1030
828 1113
828 964
828 426
828 1165
828 836
828 602
828 846
828 1066
828 819
828 938
828 915
828 1108
828 888
828 668
828 1042
828 1090
828 1100
828 469
829 824
829 826
829 828
829 831
829 832
829 880
829 882
829 897
829 898
829 936
829 1028
829 1045
829 1049
829 1056
829 827
829 867
829 894
830 846
830 1049
831 436
831 817
831 832
831 897
831 907
831 987
831 1049
831 1067
831 1095
831 1016
831 1023
831 1066
831 1089
831 424
831 598
831 824
831 826
831 828
831 829
831 868
831 880
831 882
831 898
831 936
831 1027
831 1028
831 1045
831 1056
831 853
831 1174
831 819
831 827
831 865
831 888
831 912
831 964
831 994
831 835
831 983
831 1167
831 666
831 840
831 427
831 894
831 629
831 839
831 834
831 602
831 645
831 1039
831 1048
831 1001
831 1030
831 815
831 995
831 867
831 777
831 942
831 426
831 586
831 820
831 846
831 986
831 1119
831 1165
831 836
831 816
831 1031
831 1113
831 442
831 947
831 953
831 958
831 511
831 884
831 456
831 1148
831 979
831 978
831 1100
831 1159
831 1108
831 862
831 857
831 823
831 1101
831 662
831 833
831 1132
831 915
831 935
831 937
831 965
831 463
831 938
831 818
831 1189
831 671
831 1044
831 910
831 1072
831 616
831 438
831 676
831 1035
831 691
831 1090
831 934
831 893
831 1047
831 1098
831 961
831 805
831 668
831 528
831 1135
831 864
831 1078
831 813
832 469
832 839
832 857
832 867
832 882
832 893
832 897
832 1027
832 1028
832 1108
832 1113
832 1135
832 880
832 884
832 898
832 964
832 995
832 1048
832 1119
832 817
832 831
832 907
832 987
832 1049
832 1067
832 1095
832 827
832 828
832 934
832 935
832 936
832 1005
832 424
832 598
832 824
832 826
832 829
832 868
832 1045
832 1056
832 474
832 888
832 815
832 1159
832 912
832 913
832 819
832 666
832 840
832 1016
832 588
832 823
832 1023
832 511
832 777
832 818
832 820
832 965
832 602
832 645
832 1039
832 816
832 1001
832 1031
832 846
832 1066
832 1089
832 1101
832 947
832 958
832 463
832 937
832 1078
832 1189
832 894
832 1030
832 833
832 1165
832 1167
832 834
832 836
832 1148
832 994
832 1011
832 983
832 550
832 489
832 1100
832 915
832 629
832 875
832 662
832 783
832 1153
832 1132
832 499
832 1060
832 813
832 909
832 938
832 713
832 676
832 616
832 656
832 910
832 1090
832 586
832 1174
832 668
832 871
832 1044
832 865
832 908
832 456
832 1072
832 1041
832 1065
832 1047
832 671
832 429
832 675
832 1052
833 834
833 936
833 1049
833 964
833 1089
833 832
833 839
833 831
833 857
833 1067
833 894
834 676
834 833
834 846
834 936
834 1049
834 1078
834 1082
834 836
834 964
834 1089
834 1167
834 1189
834 442
834 1056
834 1100
834 817
834 828
834 894
834 1023
834 1031
834 1045
834 1067
834 629
834 831
834 835
834 880
834 897
834 815
834 986
834 987
834 995
834 1119
834 1165
834 586
834 908
834 602
834 777
834 819
834 925
834 942
834 983
834 840
834 1159
834 666
834 1039
834 937
834 1016
834 1101
834 1030
834 616
834 783
834 665
834 842
834 934
834 965
834 683
834 1090
834 1132
834 832
834 839
834 947
834 1095
834 1148
834 867
834 868
834 907
834 888
834 1001
834 1066
834 827
834 979
834 994
834 813
834 826
834 463
834 910
834 511
834 938
834 898
834 824
834 1113
834 713
834 662
834 820
834 857
834 882
834 1153
834 427
834 818
834 1091
834 958
834 1035
834 915
834 1093
834 816
834 865
834 953
834 864
834 438
834 1028
834 805
834 961
834 528
834 884
834 691
834 1044
834 1027
834 1072
834 739
834 749
834 862
834 1087
834 837
834 671
834 429
834 946
834 675
834 680
835 828
835 936
835 1045
835 1056
835 831
835 1049
835 1089
835 964
835 834
835 880
835 894
835 897
835 839
835 857
835 826
835 882
835 907
835 1030
835 1067
835 947
835 1090
835 1078
836 834
836 964
836 1089
836 1167
836 1189
836 442
836 1049
836 1056
836 1100
836 831
836 846
836 936
836 987
836 995
836 1119
836 1165
836 817
836 907
836 1067
836 1159
836 839
836 1132
836 602
836 994
836 1045
836 894
836 1078
836 832
836 1095
836 1148
836 1101
836 867
836 880
836 1023
836 815
836 818
836 819
836 666
836 438
836 828
836 1030
836 827
836 463
836 942
836 777
836 1031
836 816
836 820
836 616
836 511
836 1090
836 937
836 961
836 857
836 1153
836 528
836 1093
836 675
837 820
837 1049
837 964
837 1101
837 1119
837 1153
837 1148
837 834
839 469
839 832
839 857
839 867
839 882
839 897
839 1027
839 1028
839 1108
839 1113
839 937
839 1049
839 828
839 831
839 907
839 1023
839 1045
839 1056
839 1067
839 936
839 836
839 1119
839 1132
839 1159
839 994
839 833
839 964
839 884
839 826
839 827
839 835
839 817
839 834
839 1148
839 880
839 815
839 995
839 1031
839 1089
839 586
839 868
839 820
839 894
839 934
839 1030
840 666
840 936
840 1056
840 831
840 832
840 1049
840 1023
840 834
840 1067
840 857
840 964
841 1049
841 1078
841 1165
841 1167
841 964
841 1148
842 676
842 1049
842 1056
842 1089
842 1101
842 834
842 846
842 602
842 936
842 1078
846 676
846 834
846 936
846 1049
846 1078
846 815
846 831
846 987
846 995
846 1056
846 1119
846 1165
846 836
846 602
846 880
846 942
846 983
846 1067
846 511
846 666
846 832
846 1066
846 1089
846 1101
846 894
846 1189
846 665
846 1045
846 964
846 842
846 1167
846 1035
846 1023
846 817
846 830
846 828
846 867
846 994
849 850
850 849
852 1049
853 1049
853 862
853 865
853 1044
853 436
853 831
853 427
853 1023
854 865
854 912
854 862
854 1044
854 805
854 864
854 898
855 1049
857 832
857 839
857 867
857 882
857 893
857 897
857 1027
857 1028
857 1108
857 1113
857 739
857 1041
857 1056
857 1119
857 936
857 937
857 1049
857 1078
857 1153
857 540
857 973
857 1120
857 598
857 815
857 828
857 880
857 994
857 1045
857 1101
857 499
857 934
857 938
857 662
857 965
857 1030
857 1095
857 1132
857 1023
857 550
857 777
857 826
857 907
857 1067
857 1163
857 862
857 912
857 964
857 967
857 987
857 928
857 835
857 831
857 840
857 749
857 1148
857 820
857 1159
857 683
857 783
857 834
857 1031
857 1174
857 824
857 813
857 884
857 1100
857 1089
857 1167
857 805
857 864
857 865
857 962
857 963
857 1044
857 666
857 1165
857 1171
857 961
857 593
857 995
857 935
857 904
857 1066
857 1090
857 818
857 602
857 894
857 1039
857 1001
857 586
857 827
857 817
857 819
857 1091
857 528
857 1093
857 1016
857 1042
857 456
857 910
857 913
857 953
857 629
857 816
857 947
857 958
857 909
857 836
857 713
857 833
858 862
858 898
858 994
858 995
858 1044
858 865
858 880
862 864
862 865
862 912
862 913
862 1182
862 427
862 436
862 805
862 868
862 947
862 978
862 979
862 1044
862 854
862 853
862 880
862 1119
862 953
862 954
862 958
862 987
862 858
862 1049
862 1151
862 540
862 739
862 1120
862 1163
862 1174
862 893
862 898
862 1095
862 928
862 1067
862 867
862 824
862 907
862 961
862 1089
862 857
862 964
862 965
862 827
862 1056
862 1101
862 936
862 1041
862 831
862 994
862 817
862 819
862 995
862 944
862 963
862 962
862 528
862 1100
862 834
862 1090
864 862
864 865
864 912
864 913
864 1153
864 1182
864 1044
864 963
864 1181
864 805
864 739
864 953
864 1041
864 817
864 947
864 958
864 1090
864 1151
864 987
864 1067
864 962
864 928
864 857
864 1120
864 854
864 1165
864 1049
864 898
864 1095
864 834
864 1119
864 819
864 831
864 907
864 868
864 880
864 866
864 936
864 428
864 1148
864 944
864 964
864 528
864 1132
864 965
864 719
865 912
865 1044
865 862
865 864
865 913
865 1182
865 427
865 436
865 805
865 868
865 947
865 953
865 958
865 854
865 1119
865 853
865 954
865 987
865 1091
865 489
865 994
865 1101
865 979
865 956
865 978
865 1067
865 540
865 739
865 1120
865 1163
865 880
865 819
865 827
865 831
865 1089
865 1174
865 886
865 824
865 873
865 995
865 1095
865 816
865 820
865 898
865 907
865 909
865 928
865 961
865 858
865 598
865 867
865 936
865 1001
865 1045
865 1049
865 1056
865 893
865 894
865 428
865 813
865 944
865 1041
865 817
865 1181
865 1023
865 1165
865 938
865 1100
865 915
865 1032
865 963
865 1090
865 1151
865 1031
865 1042
865 1039
865 857
865 962
865 528
865 815
865 834
865 964
865 1148
865 832
865 666
865 1033
865 1113
865 550
865 897
866 864
866 1090
867 469
867 832
867 839
867 857
867 882
867 897
867 1027
867 1028
867 1108
867 1113
867 1135
867 880
867 884
867 898
867 964
867 995
867 1119
867 1056
867 424
867 598
867 824
867 826
867 828
867 829
867 831
867 868
867 1045
867 1049
867 1095
867 586
867 1159
867 971
867 973
867 815
867 936
867 994
867 1101
867 499
867 934
867 938
867 937
867 1175
867 1001
867 666
867 834
867 894
867 907
867 942
867 983
867 1030
867 1067
867 602
867 819
867 915
867 1031
867 888
867 1016
867 550
867 862
867 1174
867 865
867 823
867 1023
867 836
867 987
867 521
867 1044
867 909
867 426
867 438
867 463
867 1189
867 1167
867 1089
867 846
867 875
867 965
867 816
867 820
867 961
867 925
867 827
867 528
867 817
867 935
867 1090
867 548
868 805
868 862
868 865
868 912
868 947
868 598
868 886
868 880
868 898
868 1001
868 1049
868 424
868 824
868 826
868 828
868 831
868 832
868 882
868 897
868 936
868 1028
868 1045
868 1056
868 888
868 913
868 1119
868 987
868 893
868 867
868 1095
868 602
868 643
868 645
868 646
868 812
868 994
868 815
868 907
868 1030
868 1067
868 834
868 894
868 1108
868 583
868 1023
868 820
868 961
868 1044
868 586
868 1113
868 1041
868 813
868 995
868 875
868 827
868 915
868 964
868 819
868 823
868 839
868 1060
868 817
868 1081
868 864
871 880
871 1049
871 826
871 832
873 824
873 865
873 987
873 1095
873 880
873 898
873 826
873 897
873 1049
875 460
875 828
875 979
875 995
875 1049
875 880
875 994
875 898
875 598
875 826
875 832
875 868
875 936
875 827
875 1045
875 1056
875 915
875 1060
875 897
875 907
875 867
875 1113
875 882
875 1067
875 1108
875 1001
880 656
880 1039
880 1045
880 1049
880 1056
880 794
880 832
880 867
880 884
880 897
880 898
880 964
880 995
880 1048
880 1119
880 598
880 868
880 871
880 910
880 1001
880 424
880 824
880 826
880 828
880 829
880 831
880 882
880 936
880 1027
880 1028
880 587
880 1108
880 1113
880 1174
880 862
880 912
880 913
880 474
880 888
880 934
880 996
880 1067
880 548
880 919
880 994
880 805
880 865
880 886
880 893
880 629
880 834
880 835
880 894
880 1095
880 602
880 777
880 815
880 907
880 942
880 983
880 1030
880 1066
880 819
880 846
880 925
880 1031
880 971
880 973
880 1135
880 593
880 1011
880 1042
880 1101
880 857
880 914
880 463
880 937
880 1189
880 666
880 1100
880 427
880 583
880 1023
880 475
880 645
880 713
880 915
880 1065
880 1081
880 1016
880 550
880 1163
880 489
880 460
880 643
880 653
880 875
880 816
880 820
880 873
880 909
880 961
880 987
880 1044
880 1089
880 1159
880 586
880 858
880 823
880 920
880 818
880 836
880 616
880 426
880 827
880 1167
880 521
880 839
880 1132
880 813
880 1060
880 938
880 979
880 436
880 947
880 953
880 491
880 1041
880 499
880 540
880 1171
880 1148
880 965
880 817
880 958
880 668
880 904
880 528
880 469
880 456
880 1090
880 935
880 812
880 646
880 864
880 1153
880 908
882 469
882 832
882 839
882 857
882 867
882 897
882 1027
882 1028
882 1108
882 1113
882 1135
882 995
882 424
882 598
882 824
882 826
882 828
882 829
882 831
882 868
882 880
882 898
882 936
882 1045
882 1049
882 1056
882 1095
882 819
882 888
882 1001
882 1031
882 550
882 907
882 1067
882 489
882 894
882 815
882 1030
882 1119
882 1174
882 965
882 834
882 964
882 1148
882 835
882 827
882 817
882 937
882 875
882 1090
882 1132
882 910
882 884
882 1023
882 934
882 909
884 832
884 867
884 880
884 897
884 964
884 1119
884 1030
884 839
884 1028
884 826
884 827
884 828
884 831
884 936
884 1027
884 813
884 857
884 1045
884 550
884 1067
884 824
884 1049
884 469
884 815
884 894
884 907
884 882
884 1148
884 834
884 934
884 1056
884 817
884 1090
884 1108
884 1113
884 613
886 868
886 865
886 880
886 824
886 1095
886 936
886 898
886 1049
886 826
886 897
888 832
888 868
888 880
888 897
888 819
888 826
888 827
888 831
888 816
888 882
888 1001
888 1031
888 1049
888 815
888 834
888 867
888 907
888 936
888 1030
888 1056
888 1067
888 1045
888 894
888 1095
888 964
888 817
888 915
888 828
891 1119
891 1175
891 1176
891 1174
891 1113
891 1067
893 832
893 857
893 897
893 1049
893 862
893 868
893 880
893 1067
893 865
893 1044
893 936
893 1090
893 831
893 964
893 1119
893 1132
893 894
893 805
893 815
893 1030
893 907
893 908
894 831
894 994
894 817
894 828
894 834
894 1023
894 1031
894 1045
894 1049
894 1056
894 1067
894 835
894 880
894 897
894 936
894 964
894 846
894 937
894 1101
894 1189
894 616
894 783
894 815
894 827
894 832
894 1001
894 1030
894 836
894 1078
894 1089
894 1100
894 1167
894 666
894 867
894 868
894 907
894 942
894 983
894 1095
894 1108
894 882
894 602
894 898
894 995
894 824
894 865
894 1159
894 499
894 915
894 935
894 965
894 909
894 987
894 511
894 1090
894 1119
894 1132
894 1148
894 818
894 819
894 671
894 1044
894 1165
894 438
894 1113
894 888
894 528
894 777
894 816
894 1035
894 947
894 820
894 662
894 857
894 463
894 1066
894 1153
894 1028
894 893
894 958
894 823
894 826
894 829
894 884
894 910
894 586
894 945
894 961
894 925
894 469
894 521
894 665
894 1093
894 904
894 908
894 934
894 1027
894 938
894 839
894 683
894 442
894 1081
894 833
897 469
897 832
897 839
897 857
897 867
897 882
897 893
897 1027
897 1028
897 1108
897 1113
897 880
897 884
897 898
897 964
897 995
897 1048
897 1119
897 491
897 817
897 831
897 907
897 987
897 1049
897 1067
897 1095
897 424
897 824
897 826
897 828
897 829
897 868
897 936
897 1045
897 1056
897 474
897 888
897 934
897 827
897 1089
897 819
897 1078
897 629
897 834
897 835
897 894
897 816
897 1001
897 1031
897 475
897 586
897 645
897 713
897 813
897 815
897 1030
897 937
897 965
897 489
897 915
897 1101
897 1100
897 908
897 901
897 911
897 873
897 886
897 1060
897 1023
897 875
897 1066
897 910
897 1065
897 912
897 1132
897 662
897 913
897 1090
897 909
897 1098
897 865
898 832
898 867
898 880
898 897
898 995
898 1119
898 907
898 1030
898 1067
898 827
898 828
898 936
898 1095
898 598
898 868
898 1001
898 1049
898 424
898 824
898 826
898 829
898 831
898 882
898 1028
898 1045
898 1056
898 587
898 1108
898 1113
898 1174
898 996
898 994
898 862
898 912
898 913
898 858
898 426
898 586
898 820
898 1023
898 583
898 1011
898 489
898 1044
898 865
898 873
898 987
898 886
898 875
898 894
898 823
898 834
898 864
898 805
898 817
898 947
898 1090
898 854
901 645
901 907
901 1030
901 1066
901 1067
901 897
901 1045
901 1056
901 1049
901 593
901 1042
901 904
901 1065
901 936
901 995
901 994
901 964
904 1030
904 1067
904 857
904 1066
904 901
904 1042
904 1049
904 964
904 1045
904 995
904 593
904 880
904 894
906 907
906 1049
906 1067
906 909
906 1056
906 964
906 1119
906 1030
906 1066
906 936
906 1031
907 953
907 1095
907 1100
907 1023
907 1067
907 491
907 817
907 831
907 832
907 897
907 906
907 987
907 1049
907 645
907 898
907 901
907 1030
907 1066
907 511
907 815
907 936
907 964
907 1098
907 436
907 824
907 978
907 979
907 1165
907 819
907 915
907 925
907 994
907 1045
907 1056
907 1060
907 1159
907 629
907 828
907 839
907 602
907 713
907 777
907 1001
907 666
907 820
907 1090
907 880
907 942
907 983
907 586
907 995
907 475
907 1031
907 836
907 474
907 827
907 965
907 868
907 427
907 816
907 947
907 958
907 599
907 834
907 867
907 894
907 1108
907 662
907 888
907 826
907 1065
907 857
907 882
907 1113
907 489
907 1048
907 862
907 865
907 909
907 912
907 913
907 937
907 961
907 1044
907 1089
907 1101
907 463
907 910
907 1148
907 623
907 1047
907 418
907 813
907 911
907 818
907 1119
907 456
907 1039
907 749
907 812
907 835
907 1041
907 908
907 934
907 1167
907 1132
907 938
907 1091
907 1130
907 593
907 945
907 1093
907 875
907 682
907 805
907 1153
907 823
907 1028
907 884
907 1043
907 1078
907 570
907 956
907 1072
907 574
907 646
907 864
907 1027
907 569
907 893
907 944
907 783
907 1052
908 915
908 1049
908 1078
908 645
908 1039
908 1056
908 834
908 909
908 936
908 987
908 995
908 1119
908 897
908 1030
908 813
908 1153
908 994
908 817
908 964
908 1045
908 620
908 1065
908 907
908 1066
908 1067
908 602
908 1060
908 1031
908 832
908 894
908 934
908 893
908 880
908 815
908 910
908 1052
909 936
909 1056
909 1089
909 906
909 1049
909 815
909 987
909 995
909 1119
909 586
909 908
909 828
909 865
909 880
909 907
909 1067
909 1095
909 1159
909 867
909 894
909 942
909 910
909 832
909 1031
909 1045
909 915
909 964
909 1001
909 1030
909 819
909 994
909 1113
909 817
909 857
909 897
909 1108
909 882
909 713
909 662
910 880
910 1001
910 1049
910 1030
910 1100
910 834
910 907
910 1031
910 1148
910 912
910 913
910 816
910 915
910 1045
910 1067
910 662
910 831
910 1095
910 909
910 815
910 820
910 827
910 832
910 964
910 1056
910 817
910 819
910 936
910 965
910 1119
910 894
910 882
910 897
910 857
910 1072
910 1101
910 1108
910 1113
910 916
910 908
911 897
911 907
911 1030
911 1045
911 1056
911 1067
911 1049
912 865
912 1044
912 862
912 864
912 913
912 1182
912 427
912 436
912 805
912 868
912 947
912 854
912 1119
912 880
912 493
912 953
912 954
912 958
912 987
912 994
912 1101
912 489
912 590
912 956
912 978
912 1067
912 819
912 827
912 831
912 1089
912 1174
912 979
912 832
912 898
912 1031
912 928
912 1095
912 1181
912 964
912 965
912 816
912 907
912 857
912 1049
912 910
912 1041
912 1042
912 817
912 936
912 1056
912 1045
912 1065
912 593
912 915
912 496
912 1030
912 1060
912 897
912 1148
912 1001
912 972
913 862
913 864
913 865
913 912
913 1182
913 1119
913 880
913 493
913 953
913 958
913 987
913 1044
913 489
913 979
913 994
913 590
913 956
913 978
913 1067
913 819
913 827
913 868
913 832
913 898
913 1031
913 928
913 1095
913 1181
913 964
913 816
913 907
913 1041
913 910
913 1056
913 713
913 936
913 1045
913 593
913 1030
913 1049
913 1060
913 805
913 817
913 915
913 1001
913 1101
913 475
913 496
913 857
913 947
913 897
914 880
914 1049
914 1067
915 908
915 1049
915 1078
915 1159
915 1030
915 1081
915 645
915 817
915 819
915 907
915 925
915 994
915 1045
915 1056
915 1060
915 427
915 519
915 602
915 936
915 1067
915 646
915 777
915 1039
915 475
915 601
915 713
915 867
915 880
915 934
915 995
915 1031
915 1042
915 1065
915 1095
915 418
915 643
915 813
915 897
915 666
915 832
915 964
915 623
915 823
915 1061
915 499
915 831
915 894
915 937
915 965
915 569
915 947
915 816
915 910
915 1082
915 812
915 865
915 868
915 1041
915 570
915 834
915 987
915 1023
915 1101
915 827
915 417
915 644
915 652
915 528
915 815
915 942
915 1119
915 1167
915 909
915 979
915 1001
915 574
915 653
915 875
915 945
915 620
915 828
915 912
915 913
915 991
915 599
915 662
915 888
915 983
915 1153
915 1089
915 665
915 978
915 1072
915 943
915 657
915 1093
915 1043
915 1048
915 1052
916 1067
916 910
916 1049
917 918
917 1119
918 917
918 1119
919 880
919 1113
919 1119
919 1067
920 880
920 1067
922 937
925 817
925 819
925 907
925 915
925 994
925 1045
925 1049
925 1056
925 1159
925 834
925 880
925 936
925 983
925 1031
925 1067
925 987
925 1089
925 1101
925 934
925 935
925 867
925 1119
925 1189
925 937
925 894
925 964
925 816
925 1165
925 827
925 521
925 528
928 1044
928 1174
928 862
928 912
928 913
928 965
928 1182
928 865
928 857
928 953
928 864
932 1049
933 827
933 937
933 1049
933 1132
933 936
933 964
933 1045
933 1119
933 934
933 815
934 935
934 936
934 938
934 827
934 828
934 832
934 995
934 880
934 897
934 1030
934 1039
934 1049
934 1056
934 1067
934 813
934 994
934 1001
934 1078
934 601
934 645
934 713
934 499
934 1045
934 937
934 857
934 867
934 1119
934 666
934 834
934 965
934 1043
934 1167
934 602
934 819
934 826
934 915
934 1031
934 1081
934 964
934 987
934 1089
934 646
934 907
934 1060
934 643
934 817
934 831
934 620
934 816
934 1159
934 418
934 1023
934 1132
934 818
934 1028
934 925
934 815
934 1165
934 882
934 884
934 824
934 933
934 820
934 894
934 908
934 1027
934 839
935 934
935 936
935 938
935 827
935 828
935 832
935 937
935 1049
935 499
935 831
935 894
935 1045
935 964
935 857
935 1056
935 817
935 925
935 867
935 880
935 815
936 934
936 935
936 938
936 629
936 666
936 828
936 835
936 840
936 1045
936 1056
936 827
936 832
936 898
936 995
936 1005
936 1095
936 813
936 816
936 820
936 965
936 1049
936 1060
936 1067
936 1081
936 424
936 598
936 824
936 826
936 829
936 831
936 868
936 880
936 882
936 897
936 1027
936 1028
936 511
936 815
936 907
936 964
936 909
936 1089
936 1167
936 817
936 961
936 1041
936 1044
936 819
936 586
936 1018
936 499
936 1078
936 1082
936 676
936 833
936 834
936 846
936 1085
936 857
936 937
936 1153
936 1016
936 588
936 823
936 1023
936 777
936 818
936 602
936 713
936 1001
936 1030
936 994
936 599
936 645
936 839
936 1039
936 643
936 1042
936 427
936 519
936 915
936 1119
936 942
936 983
936 1066
936 426
936 417
936 644
936 646
936 812
936 986
936 987
936 1165
936 836
936 908
936 1175
936 475
936 1031
936 587
936 953
936 925
936 1159
936 474
936 1043
936 535
936 1101
936 442
936 601
936 662
936 1130
936 894
936 805
936 1189
936 1108
936 867
936 463
936 1011
936 1035
936 884
936 456
936 947
936 1148
936 1100
936 1065
936 1098
936 620
936 888
936 418
936 1048
936 886
936 1047
936 739
936 862
936 665
936 865
936 1174
936 1113
936 623
936 783
936 1132
936 521
936 656
936 875
936 1012
936 671
936 939
936 1072
936 540
936 491
936 893
936 438
936 691
936 616
936 944
936 1032
936 570
936 652
936 593
936 528
936 574
936 1093
936 550
936 1090
936 913
936 420
936 653
936 912
936 436
936 945
936 979
936 901
936 958
936 842
936 910
936 448
936 668
936 1171
936 943
936 933
936 1091
936 1173
936 682
936 429
936 906
936 469
936 864
936 675
936 1052
937 857
937 936
937 1049
937 1078
937 1153
937 839
937 922
937 935
937 938
937 939
937 834
937 894
937 1056
937 1101
937 1189
937 463
937 832
937 880
937 934
937 1045
937 867
937 897
937 1119
937 816
937 820
937 828
937 907
937 961
937 1067
937 1089
937 1095
937 1159
937 1031
937 1148
937 827
937 933
937 499
937 666
937 831
937 915
937 965
937 964
937 1132
937 683
937 815
937 817
937 1030
937 1100
937 662
937 749
937 1165
937 1167
937 819
937 1090
937 882
937 836
937 818
937 528
937 925
937 823
937 1171
937 521
938 934
938 935
938 936
938 1165
938 937
938 939
938 1049
938 499
938 857
938 867
938 1119
938 815
938 834
938 964
938 1045
938 1056
938 1067
938 1167
938 824
938 1031
938 1132
938 1101
938 831
938 880
938 817
938 1030
938 1100
938 1148
938 537
938 865
938 1090
938 832
938 907
938 828
938 827
938 894
938 1044
939 937
939 938
939 1049
939 964
939 1119
939 936
939 499
939 1031
939 1067
942 777
942 815
942 831
942 880
942 907
942 936
942 983
942 994
942 1030
942 1049
942 1056
942 1067
942 819
942 834
942 846
942 1031
942 1043
942 666
942 867
942 894
942 909
942 964
942 1089
942 1167
942 1023
942 1045
942 1113
942 1119
942 820
942 915
942 995
942 1173
942 836
942 1159
942 817
942 961
942 1189
943 817
943 1056
943 643
943 602
943 936
943 915
943 994
943 1049
944 817
944 947
944 953
944 958
944 1056
944 739
944 805
944 819
944 865
944 1041
944 820
944 964
944 862
944 1049
944 815
944 1119
944 936
944 961
944 1067
944 1090
944 1165
944 1044
944 907
944 864
944 1030
945 994
945 1030
945 1067
945 1095
945 1100
945 1049
945 1056
945 907
945 936
945 819
945 915
945 894
945 817
945 964
945 1093
946 1049
946 1090
946 1148
946 834
947 427
947 436
947 805
947 862
947 865
947 868
947 912
947 953
947 994
947 1101
947 816
947 819
947 958
947 1056
947 817
947 831
947 832
947 944
947 1045
947 907
947 834
947 936
947 964
947 1095
947 1049
947 1100
947 978
947 979
947 1067
947 1093
947 915
947 995
947 987
947 1044
947 824
947 864
947 961
947 1041
947 1090
947 1039
947 880
947 1091
947 815
947 894
947 1030
947 739
947 1031
947 1119
947 1120
947 1023
947 827
947 528
947 835
947 1098
947 913
947 1001
947 898
947 857
947 1165
947 428
953 994
953 907
953 1095
953 1100
953 954
953 865
953 958
953 862
953 912
953 913
953 987
953 1044
953 1091
953 947
953 1101
953 1049
953 936
953 816
953 819
953 1056
953 817
953 831
953 944
953 1045
953 427
953 436
953 979
953 978
953 1067
953 428
953 739
953 805
953 1041
953 864
953 1090
953 928
953 880
953 834
953 964
953 1119
953 857
953 1174
954 953
954 862
954 865
954 912
954 958
954 1044
954 994
954 1174
954 1067
954 427
956 1049
956 865
956 912
956 913
956 1067
956 817
956 907
958 987
958 1049
958 865
958 953
958 862
958 912
958 913
958 954
958 1044
958 1091
958 979
958 994
958 1030
958 1067
958 1095
958 1100
958 816
958 819
958 947
958 1056
958 817
958 831
958 832
958 944
958 1045
958 427
958 907
958 436
958 1120
958 805
958 1101
958 739
958 834
958 1090
958 864
958 961
958 963
958 1041
958 1148
958 1119
958 1031
958 936
958 964
958 880
958 978
958 894
958 528
958 857
958 824
958 815
958 1165
958 428
961 817
961 936
961 1041
961 1044
961 1049
961 1056
961 666
961 805
961 819
961 820
961 1039
961 816
961 862
961 865
961 868
961 880
961 907
961 937
961 987
961 1067
961 1089
961 1159
961 964
961 1119
961 1132
961 947
961 958
961 1090
961 683
961 944
961 1032
961 857
961 815
961 777
961 983
961 818
961 528
961 427
961 436
961 831
961 1045
961 1101
961 662
961 739
961 1165
961 1148
961 1167
961 867
961 1031
961 894
961 1153
961 834
961 540
961 1078
961 942
961 836
961 1100
962 805
962 864
962 857
962 865
962 1044
962 862
962 540
962 1163
963 864
963 805
963 1041
963 865
963 958
963 1044
963 862
963 1049
963 857
963 1056
964 832
964 867
964 880
964 884
964 897
964 995
964 1119
964 1030
964 511
964 815
964 907
964 936
964 1049
964 1159
964 819
964 987
964 827
964 831
964 1045
964 1089
964 834
964 836
964 1167
964 1189
964 833
964 835
964 983
964 602
964 817
964 1056
964 586
964 820
964 1067
964 666
964 939
964 967
964 1039
964 1153
964 894
964 1090
964 783
964 846
964 839
964 1165
964 947
964 1095
964 1148
964 912
964 913
964 965
964 857
964 862
964 906
964 934
964 1101
964 683
964 1100
964 915
964 818
964 994
964 665
964 777
964 938
964 713
964 828
964 961
964 1132
964 662
964 882
964 1031
964 816
964 944
964 731
964 935
964 937
964 499
964 1091
964 942
964 1023
964 785
964 908
964 1044
964 1001
964 645
964 826
964 868
964 1041
964 840
964 1035
964 1081
964 1171
964 1120
964 1066
964 528
964 909
964 629
964 1173
964 1042
964 537
964 1098
964 910
964 1078
964 1093
964 837
964 904
964 805
964 865
964 888
964 893
964 953
964 958
964 749
964 1028
964 1082
964 593
964 1072
964 1043
964 824
964 1047
964 841
964 925
964 1060
964 933
964 1108
964 1113
964 682
964 945
964 1027
964 901
964 864
964 675
965 813
965 816
965 820
965 936
965 1049
965 1056
965 1060
965 1067
965 1167
965 827
965 828
965 832
965 907
965 1045
965 666
965 834
965 934
965 499
965 1078
965 857
965 897
965 1030
965 1095
965 912
965 928
965 964
965 862
965 987
965 1119
965 815
965 882
965 1120
965 831
965 894
965 915
965 937
965 995
965 1031
965 602
965 645
965 1165
965 817
965 1089
965 1090
965 662
965 819
965 1148
965 867
965 880
965 1132
965 910
965 1153
965 1093
965 1100
965 1001
965 418
965 864
967 817
967 1095
967 1100
967 964
967 1056
967 1119
967 1153
967 857
967 1049
967 1067
971 867
971 880
971 1119
971 550
972 912
973 540
973 857
973 867
973 880
973 550
973 1067
973 1049
973 1163
978 862
978 489
978 590
978 865
978 912
978 913
978 1067
978 436
978 817
978 907
978 979
978 1095
978 1100
978 819
978 987
978 1049
978 827
978 831
978 953
978 816
978 623
978 947
978 1101
978 958
978 915
978 1031
979 862
979 1044
979 489
979 865
979 913
979 958
979 994
979 912
979 987
979 1119
979 1174
979 436
979 817
979 907
979 978
979 1095
979 1100
979 819
979 1049
979 875
979 995
979 427
979 831
979 953
979 1056
979 827
979 834
979 1001
979 816
979 1067
979 623
979 947
979 880
979 1101
979 1045
979 586
979 915
979 936
979 1090
979 1031
983 831
983 1049
983 1089
983 1167
983 964
983 777
983 815
983 880
983 907
983 936
983 942
983 994
983 1001
983 1030
983 1056
983 1067
983 819
983 834
983 846
983 925
983 1031
983 1045
983 1095
983 666
983 867
983 894
983 832
983 817
983 827
983 987
983 1159
983 1165
983 816
983 995
983 1101
983 1039
983 820
983 1132
983 961
983 818
983 915
983 1060
983 1065
983 528
983 1119
983 823
986 831
986 834
986 936
986 987
986 995
986 1049
986 1056
986 1045
986 1067
986 817
986 994
986 1101
987 995
987 1049
987 958
987 817
987 831
987 832
987 897
987 907
987 1067
987 1095
987 862
987 865
987 912
987 913
987 953
987 1044
987 868
987 979
987 1119
987 819
987 964
987 978
987 1098
987 815
987 834
987 846
987 909
987 936
987 986
987 1056
987 1165
987 586
987 836
987 908
987 602
987 994
987 1045
987 1030
987 824
987 873
987 620
987 816
987 820
987 828
987 880
987 898
987 961
987 1089
987 1159
987 827
987 983
987 1100
987 601
987 857
987 934
987 965
987 1101
987 867
987 713
987 805
987 1031
987 894
987 456
987 676
987 1189
987 1001
987 427
987 947
987 1072
987 864
987 662
987 666
987 1039
987 1093
987 570
987 915
987 1023
987 438
987 1090
987 1060
987 1081
987 1065
987 682
987 925
987 623
987 1132
987 818
987 528
991 915
991 1067
994 953
994 1056
994 865
994 912
994 947
994 954
994 1101
994 880
994 898
994 995
994 1113
994 1119
994 913
994 945
994 958
994 979
994 1044
994 1028
994 1049
994 858
994 1001
994 831
994 653
994 812
994 1060
994 645
994 817
994 819
994 907
994 915
994 925
994 1045
994 1159
994 427
994 436
994 894
994 824
994 827
994 828
994 936
994 643
994 666
994 1030
994 1067
994 815
994 1089
994 602
994 942
994 983
994 1066
994 586
994 644
994 646
994 654
994 868
994 1039
994 813
994 934
994 601
994 1043
994 836
994 839
994 987
994 598
994 857
994 867
994 1023
994 1042
994 1047
994 587
994 826
994 832
994 996
994 1011
994 713
994 1031
994 1065
994 1081
994 1095
994 1098
994 570
994 834
994 875
994 593
994 816
994 964
994 426
994 862
994 908
994 1165
994 1174
994 1072
994 823
994 652
994 620
994 909
994 986
994 846
994 805
994 820
994 943
994 1061
994 424
994 901
994 528
995 987
995 1049
995 832
995 867
995 880
995 897
995 898
995 964
995 1119
995 882
995 1016
995 827
995 828
995 934
995 936
995 1095
995 587
995 996
995 1001
995 1045
995 1056
995 1067
995 994
995 1108
995 1113
995 858
995 1044
995 645
995 602
995 815
995 817
995 831
995 1089
995 586
995 907
995 1030
995 1060
995 426
995 834
995 846
995 909
995 986
995 1165
995 836
995 908
995 666
995 1039
995 824
995 1023
995 1031
995 875
995 979
995 1101
995 813
995 598
995 826
995 593
995 865
995 1098
995 601
995 713
995 819
995 915
995 1042
995 1065
995 1081
995 427
995 436
995 424
995 868
995 894
995 629
995 1028
995 1159
995 1174
995 816
995 983
995 947
995 1072
995 862
995 1011
995 676
995 1027
995 965
995 1043
995 1047
995 839
995 857
995 942
995 620
995 901
995 1066
995 904
995 805
996 995
996 880
996 898
996 1056
996 994
996 1049
996 598
1000 1045
1000 1056
1000 1067
1001 598
1001 868
1001 880
1001 898
1001 910
1001 1049
1001 995
1001 994
1001 1044
1001 602
1001 713
1001 907
1001 936
1001 1030
1001 1056
1001 1067
1001 643
1001 645
1001 831
1001 1045
1001 815
1001 983
1001 1066
1001 816
1001 819
1001 832
1001 882
1001 888
1001 897
1001 1031
1001 1113
1001 813
1001 934
1001 1078
1001 601
1001 1108
1001 827
1001 894
1001 1039
1001 826
1001 867
1001 828
1001 1023
1001 1028
1001 834
1001 979
1001 812
1001 646
1001 817
1001 865
1001 1119
1001 586
1001 1101
1001 987
1001 1095
1001 964
1001 1089
1001 1060
1001 629
1001 915
1001 909
1001 1065
1001 857
1001 1048
1001 913
1001 475
1001 947
1001 875
1001 912
1001 965
1001 418
1005 828
1005 832
1005 936
1005 823
1005 1045
1005 1049
1005 824
1011 598
1011 826
1011 880
1011 936
1011 1045
1011 828
1011 832
1011 898
1011 994
1011 1049
1011 1056
1011 1067
1011 995
1012 813
1012 936
1012 1049
1015 1049
1016 831
1016 1023
1016 1049
1016 1089
1016 995
1016 666
1016 832
1016 936
1016 1045
1016 1056
1016 834
1016 815
1016 867
1016 880
1016 1030
1016 1067
1016 1167
1016 857
1018 813
1018 936
1018 1056
1018 1045
1023 907
1023 1067
1023 831
1023 1016
1023 1049
1023 1066
1023 1089
1023 1167
1023 818
1023 817
1023 828
1023 834
1023 894
1023 1031
1023 1045
1023 1056
1023 839
1023 832
1023 936
1023 840
1023 1039
1023 598
1023 824
1023 898
1023 995
1023 994
1023 1042
1023 1047
1023 1159
1023 827
1023 427
1023 463
1023 587
1023 826
1023 868
1023 880
1023 1001
1023 1028
1023 662
1023 819
1023 1095
1023 857
1023 586
1023 1097
1023 1030
1023 867
1023 426
1023 424
1023 836
1023 666
1023 865
1023 815
1023 1119
1023 816
1023 602
1023 846
1023 964
1023 1101
1023 1090
1023 942
1023 1113
1023 1189
1023 915
1023 987
1023 1165
1023 436
1023 897
1023 934
1023 1044
1023 947
1023 820
1023 882
1023 1072
1023 1100
1023 853
1027 469
1027 832
1027 839
1027 857
1027 867
1027 882
1027 897
1027 1028
1027 1108
1027 1113
1027 824
1027 826
1027 828
1027 831
1027 880
1027 936
1027 1045
1027 1049
1027 1056
1027 827
1027 884
1027 550
1027 995
1027 819
1027 894
1027 934
1027 1067
1027 817
1027 907
1027 834
1027 815
1027 964
1027 1030
1027 1090
1027 1119
1027 813
1028 469
1028 832
1028 839
1028 857
1028 867
1028 882
1028 897
1028 1027
1028 1108
1028 1113
1028 424
1028 598
1028 824
1028 826
1028 828
1028 829
1028 831
1028 868
1028 880
1028 898
1028 936
1028 1045
1028 1049
1028 1056
1028 994
1028 1095
1028 827
1028 884
1028 1001
1028 1023
1028 1067
1028 995
1028 813
1028 894
1028 1119
1028 815
1028 817
1028 819
1028 834
1028 907
1028 934
1028 964
1028 550
1028 1030
1028 1090
1028 1078
1029 1049
1030 884
1030 964
1030 645
1030 898
1030 901
1030 907
1030 1066
1030 1067
1030 915
1030 1081
1030 1165
1030 602
1030 1153
1030 1167
1030 713
1030 777
1030 936
1030 1001
1030 1049
1030 1056
1030 665
1030 666
1030 643
1030 831
1030 994
1030 1045
1030 934
1030 1039
1030 1042
1030 945
1030 958
1030 1078
1030 1095
1030 1100
1030 815
1030 880
1030 942
1030 983
1030 586
1030 995
1030 1060
1030 897
1030 813
1030 834
1030 1101
1030 904
1030 910
1030 868
1030 827
1030 832
1030 894
1030 987
1030 857
1030 965
1030 599
1030 867
1030 620
1030 888
1030 1016
1030 629
1030 826
1030 1065
1030 1043
1030 1048
1030 817
1030 820
1030 882
1030 1023
1030 1047
1030 908
1030 1082
1030 418
1030 911
1030 818
1030 819
1030 828
1030 906
1030 499
1030 937
1030 938
1030 1148
1030 1072
1030 1089
1030 491
1030 835
1030 1132
1030 836
1030 816
1030 1119
1030 574
1030 909
1030 1031
1030 1090
1030 593
1030 641
1030 913
1030 1098
1030 1130
1030 812
1030 662
1030 947
1030 646
1030 912
1030 1044
1030 823
1030 456
1030 1028
1030 601
1030 475
1030 783
1030 893
1030 1027
1030 824
1030 839
1030 1093
1030 944
1030 1052
1031 817
1031 828
1031 834
1031 894
1031 1023
1031 1045
1031 1049
1031 1056
1031 1067
1031 816
1031 819
1031 831
1031 832
1031 882
1031 888
1031 897
1031 1001
1031 1113
1031 475
1031 907
1031 936
1031 602
1031 777
1031 815
1031 880
1031 925
1031 942
1031 983
1031 995
1031 912
1031 913
1031 1167
1031 1101
1031 713
1031 867
1031 915
1031 934
1031 994
1031 1095
1031 820
1031 910
1031 937
1031 1148
1031 662
1031 683
1031 783
1031 857
1031 964
1031 1153
1031 987
1031 1089
1031 1165
1031 666
1031 938
1031 1119
1031 1132
1031 1100
1031 499
1031 939
1031 865
1031 1041
1031 818
1031 909
1031 749
1031 958
1031 528
1031 965
1031 1066
1031 836
1031 839
1031 827
1031 1030
1031 1090
1031 1093
1031 1091
1031 947
1031 908
1031 586
1031 961
1031 1189
1031 805
1031 978
1031 979
1031 1108
1031 570
1031 906
1031 1072
1031 1078
1032 805
1032 865
1032 1044
1032 666
1032 1039
1032 1056
1032 820
1032 1049
1032 936
1032 961
1032 817
1032 1165
1033 805
1033 865
1035 936
1035 666
1035 676
1035 846
1035 1089
1035 1167
1035 834
1035 1056
1035 1066
1035 964
1035 1049
1035 602
1035 831
1035 1189
1035 815
1035 894
1035 1101
1035 1078
1035 1067
1039 880
1039 1045
1039 1047
1039 1049
1039 1056
1039 645
1039 665
1039 908
1039 1078
1039 1048
1039 599
1039 602
1039 831
1039 832
1039 936
1039 1023
1039 934
1039 1030
1039 1042
1039 1067
1039 643
1039 644
1039 646
1039 812
1039 994
1039 666
1039 964
1039 995
1039 1119
1039 456
1039 777
1039 915
1039 815
1039 834
1039 805
1039 819
1039 961
1039 1001
1039 1043
1039 1167
1039 593
1039 828
1039 813
1039 1060
1039 1065
1039 1044
1039 816
1039 907
1039 1041
1039 817
1039 983
1039 1159
1039 1165
1039 865
1039 947
1039 1032
1039 987
1039 620
1039 601
1039 652
1039 1081
1039 528
1039 662
1039 857
1039 1089
1039 418
1041 739
1041 857
1041 1056
1041 1119
1041 817
1041 936
1041 961
1041 1044
1041 1049
1041 862
1041 868
1041 913
1041 428
1041 805
1041 865
1041 944
1041 953
1041 1039
1041 963
1041 864
1041 947
1041 958
1041 1090
1041 1031
1041 1067
1041 912
1041 427
1041 880
1041 907
1041 915
1041 964
1041 1045
1041 832
1042 936
1042 1030
1042 1039
1042 1049
1042 1056
1042 1067
1042 666
1042 593
1042 880
1042 994
1042 1023
1042 1043
1042 602
1042 915
1042 995
1042 1045
1042 1065
1042 1095
1042 813
1042 1060
1042 912
1042 865
1042 901
1042 904
1042 964
1042 828
1042 1066
1042 857
1042 646
1042 812
1042 600
1043 936
1043 994
1043 1056
1043 597
1043 817
1043 934
1043 1039
1043 942
1043 1042
1043 1049
1043 813
1043 1030
1043 1045
1043 1060
1043 1067
1043 593
1043 1119
1043 646
1043 995
1043 815
1043 602
1043 907
1043 964
1043 915
1044 865
1044 912
1044 862
1044 979
1044 864
1044 854
1044 1165
1044 853
1044 913
1044 953
1044 954
1044 958
1044 987
1044 1182
1044 489
1044 994
1044 537
1044 817
1044 936
1044 961
1044 1041
1044 1049
1044 1056
1044 427
1044 540
1044 739
1044 805
1044 1120
1044 1163
1044 858
1044 995
1044 1001
1044 1101
1044 928
1044 1174
1044 898
1044 1067
1044 1095
1044 816
1044 820
1044 824
1044 868
1044 880
1044 907
1044 1089
1044 827
1044 1153
1044 436
1044 819
1044 1039
1044 867
1044 1119
1044 794
1044 456
1044 831
1044 894
1044 947
1044 964
1044 1045
1044 893
1044 1032
1044 963
1044 1090
1044 1151
1044 857
1044 962
1044 666
1044 599
1044 1023
1044 1030
1044 832
1044 1132
1044 528
1044 1100
1044 834
1044 944
1044 1078
1044 938
1044 428
1044 813
1045 656
1045 880
1045 1039
1045 1047
1045 1049
1045 1056
1045 629
1045 666
1045 828
1045 835
1045 936
1045 424
1045 598
1045 824
1045 826
1045 829
1045 831
1045 832
1045 868
1045 882
1045 897
1045 898
1045 1027
1045 1028
1045 995
1045 1067
1045 827
1045 964
1045 1089
1045 819
1045 645
1045 817
1045 907
1045 915
1045 925
1045 994
1045 1060
1045 1159
1045 1016
1045 834
1045 894
1045 1023
1045 1031
1045 839
1045 588
1045 823
1045 1005
1045 643
1045 1001
1045 1030
1045 602
1045 815
1045 427
1045 519
1045 1081
1045 867
1045 1095
1045 586
1045 426
1045 474
1045 965
1045 820
1045 836
1045 987
1045 1101
1045 813
1045 1108
1045 934
1045 947
1045 953
1045 958
1045 857
1045 463
1045 937
1045 1078
1045 1189
1045 511
1045 665
1045 846
1045 983
1045 653
1045 1011
1045 1018
1045 587
1045 475
1045 601
1045 713
1045 1042
1045 1065
1045 1098
1045 1043
1045 1048
1045 1100
1045 1165
1045 418
1045 901
1045 911
1045 777
1045 938
1045 1167
1045 865
1045 986
1045 662
1045 783
1045 1148
1045 1153
1045 816
1045 1119
1045 910
1045 935
1045 818
1045 884
1045 499
1045 908
1045 1044
1045 888
1045 1132
1045 979
1045 812
1045 491
1045 1041
1045 942
1045 1113
1045 1066
1045 875
1045 574
1045 570
1045 599
1045 620
1045 1130
1045 909
1045 1093
1045 550
1045 646
1045 652
1045 1090
1045 528
1045 913
1045 1000
1045 904
1045 912
1045 593
1045 961
1045 805
1045 933
1045 456
1045 1072
1045 469
1045 1052
1047 1039
1047 1045
1047 1049
1047 1056
1047 994
1047 1023
1047 1159
1047 907
1047 936
1047 1030
1047 1067
1047 666
1047 995
1047 817
1047 1101
1047 602
1047 831
1047 964
1047 1072
1047 1066
1047 815
1047 832
1048 832
1048 880
1048 897
1048 1039
1048 1078
1048 629
1048 831
1048 907
1048 936
1048 1030
1048 1045
1048 1067
1048 813
1048 1001
1048 1060
1048 826
1048 1066
1048 1049
1048 418
1048 602
1048 915
1048 1065
1048 645
1048 1052
1049 987
1049 995
1049 569
1049 853
1049 958
1049 908
1049 915
1049 1078
1049 1159
1049 656
1049 880
1049 1039
1049 1045
1049 1047
1049 1056
1049 491
1049 817
1049 831
1049 832
1049 897
1049 906
1049 907
1049 1067
1049 1095
1049 606
1049 1016
1049 1023
1049 1066
1049 1089
1049 598
1049 868
1049 871
1049 898
1049 910
1049 1001
1049 1165
1049 813
1049 816
1049 820
1049 936
1049 965
1049 1060
1049 1081
1049 424
1049 824
1049 826
1049 828
1049 829
1049 882
1049 1027
1049 1028
1049 511
1049 815
1049 964
1049 475
1049 893
1049 953
1049 956
1049 862
1049 1151
1049 537
1049 961
1049 1041
1049 1044
1049 994
1049 819
1049 978
1049 979
1049 645
1049 665
1049 827
1049 676
1049 833
1049 834
1049 846
1049 1082
1049 1085
1049 515
1049 442
1049 836
1049 909
1049 1097
1049 1100
1049 1167
1049 835
1049 983
1049 857
1049 937
1049 1153
1049 925
1049 666
1049 840
1049 839
1049 935
1049 938
1049 939
1049 894
1049 1031
1049 588
1049 823
1049 1005
1049 777
1049 818
1049 602
1049 713
1049 1030
1049 599
1049 643
1049 934
1049 1042
1049 427
1049 519
1049 867
1049 942
1049 586
1049 426
1049 986
1049 1119
1049 888
1049 1015
1049 1113
1049 474
1049 535
1049 1101
1049 875
1049 1132
1049 662
1049 1130
1049 837
1049 1189
1049 1108
1049 842
1049 914
1049 499
1049 616
1049 783
1049 680
1049 539
1049 683
1049 1043
1049 1090
1049 456
1049 749
1049 1161
1049 463
1049 587
1049 996
1049 1011
1049 620
1049 570
1049 947
1049 1148
1049 601
1049 967
1049 739
1049 865
1049 946
1049 438
1049 886
1049 521
1049 912
1049 731
1049 873
1049 933
1049 805
1049 806
1049 1174
1049 901
1049 530
1049 1072
1049 436
1049 1098
1049 1091
1049 671
1049 785
1049 1173
1049 944
1049 963
1049 593
1049 812
1049 1120
1049 1035
1049 1171
1049 1029
1049 1032
1049 682
1049 493
1049 945
1049 830
1049 1107
1049 574
1049 528
1049 1065
1049 691
1049 904
1049 1093
1049 540
1049 550
1049 841
1049 489
1049 814
1049 864
1049 932
1049 913
1049 973
1049 884
1049 911
1049 855
1049 500
1049 448
1049 668
1049 418
1049 646
1049 623
1049 1138
1049 1087
1049 1048
1049 1094
1049 429
1049 1012
1049 852
1049 469
1049 428
1049 916
1049 943
1049 451
1049 675
1049 1052
1052 1056
1052 908
1052 1048
1052 1067
1052 1078
1052 907
1052 1049
1052 832
1052 1030
1052 1045
1052 602
1052 645
1052 646
1052 813
1052 936
1052 915
1052 418
1056 656
1056 880
1056 1039
1056 1045
1056 1047
1056 1049
1056 994
1056 739
1056 857
1056 1041
1056 1119
1056 629
1056 666
1056 828
1056 835
1056 840
1056 936
1056 813
1056 816
1056 820
1056 965
1056 1060
1056 1067
1056 1081
1056 424
1056 598
1056 824
1056 826
1056 829
1056 831
1056 832
1056 868
1056 882
1056 897
1056 898
1056 1027
1056 1028
1056 867
1056 909
1056 1089
1056 1167
1056 995
1056 996
1056 817
1056 961
1056 1044
1056 645
1056 665
1056 908
1056 1078
1056 1018
1056 442
1056 834
1056 836
1056 906
1056 1100
1056 819
1056 907
1056 915
1056 925
1056 1159
1056 1016
1056 894
1056 1023
1056 1031
1056 839
1056 588
1056 823
1056 602
1056 713
1056 777
1056 1001
1056 1030
1056 827
1056 643
1056 934
1056 1042
1056 815
1056 964
1056 427
1056 519
1056 1095
1056 942
1056 983
1056 1066
1056 586
1056 426
1056 846
1056 986
1056 987
1056 1165
1056 967
1056 1153
1056 1043
1056 535
1056 1101
1056 511
1056 947
1056 953
1056 958
1056 599
1056 662
1056 1130
1056 805
1056 676
1056 937
1056 1189
1056 1108
1056 842
1056 944
1056 463
1056 943
1056 499
1056 783
1056 1090
1056 1132
1056 583
1056 587
1056 1011
1056 601
1056 1065
1056 1098
1056 620
1056 888
1056 436
1056 979
1056 550
1056 1113
1056 862
1056 418
1056 901
1056 911
1056 818
1056 938
1056 865
1056 1174
1056 616
1056 1148
1056 456
1056 623
1056 1082
1056 785
1056 1072
1056 1035
1056 540
1056 1085
1056 646
1056 593
1056 1032
1056 438
1056 1171
1056 812
1056 1093
1056 875
1056 574
1056 682
1056 570
1056 417
1056 652
1056 1107
1056 935
1056 528
1056 945
1056 913
1056 1000
1056 910
1056 420
1056 653
1056 912
1056 963
1056 884
1056 1052
1060 813
1060 816
1060 936
1060 965
1060 1049
1060 1056
1060 1067
1060 1081
1060 653
1060 812
1060 994
1060 645
1060 817
1060 819
1060 907
1060 915
1060 1045
1060 995
1060 1030
1060 827
1060 1039
1060 1042
1060 1043
1060 1065
1060 823
1060 1061
1060 1191
1060 832
1060 1066
1060 880
1060 601
1060 646
1060 574
1060 826
1060 934
1060 1001
1060 417
1060 643
1060 652
1060 620
1060 987
1060 1101
1060 602
1060 897
1060 913
1060 1095
1060 875
1060 1048
1060 666
1060 908
1060 983
1060 912
1060 868
1060 570
1060 964
1060 1078
1060 418
1061 915
1061 1060
1061 1065
1061 1067
1061 994
1065 601
1065 602
1065 645
1065 819
1065 826
1065 880
1065 915
1065 936
1065 994
1065 995
1065 1042
1065 1045
1065 1056
1065 1067
1065 1081
1065 1095
1065 907
1065 1030
1065 813
1065 1039
1065 1060
1065 823
1065 1061
1065 643
1065 812
1065 908
1065 646
1065 1049
1065 901
1065 574
1065 1001
1065 912
1065 817
1065 987
1065 816
1065 983
1065 1066
1065 897
1065 832
1065 1048
1066 831
1066 1023
1066 1049
1066 1089
1066 645
1066 901
1066 907
1066 1030
1066 1067
1066 602
1066 815
1066 880
1066 936
1066 994
1066 1001
1066 1056
1066 511
1066 666
1066 832
1066 846
1066 1101
1066 834
1066 1060
1066 676
1066 1035
1066 908
1066 1045
1066 662
1066 964
1066 828
1066 857
1066 904
1066 1031
1066 1167
1066 995
1066 826
1066 897
1066 813
1066 817
1066 906
1066 1159
1066 894
1066 1078
1066 1042
1066 574
1066 1065
1066 593
1066 1048
1066 1047
1067 907
1067 1023
1067 491
1067 817
1067 831
1067 832
1067 897
1067 906
1067 987
1067 1049
1067 1095
1067 1078
1067 645
1067 898
1067 901
1067 1030
1067 1066
1067 657
1067 813
1067 816
1067 820
1067 936
1067 965
1067 1056
1067 1060
1067 1081
1067 880
1067 995
1067 1045
1067 489
1067 590
1067 865
1067 912
1067 913
1067 956
1067 978
1067 1098
1067 652
1067 1167
1067 828
1067 834
1067 894
1067 1031
1067 629
1067 839
1067 602
1067 713
1067 777
1067 1001
1067 665
1067 666
1067 643
1067 994
1067 934
1067 1039
1067 1042
1067 623
1067 945
1067 958
1067 1100
1067 427
1067 519
1067 915
1067 815
1067 942
1067 983
1067 586
1067 426
1067 827
1067 964
1067 456
1067 646
1067 819
1067 846
1067 925
1067 836
1067 1159
1067 474
1067 840
1067 535
1067 893
1067 1182
1067 1119
1067 1174
1067 1108
1067 511
1067 868
1067 783
1067 1090
1067 1132
1067 515
1067 749
1067 598
1067 599
1067 867
1067 662
1067 475
1067 601
1067 826
1067 1065
1067 620
1067 888
1067 1016
1067 424
1067 857
1067 882
1067 1113
1067 862
1067 1044
1067 1043
1067 1048
1067 824
1067 909
1067 937
1067 961
1067 1089
1067 1138
1067 953
1067 1165
1067 979
1067 947
1067 1047
1067 967
1067 418
1067 911
1067 818
1067 1101
1067 938
1067 587
1067 1028
1067 1011
1067 986
1067 1148
1067 1153
1067 805
1067 904
1067 569
1067 910
1067 463
1067 1082
1067 785
1067 812
1067 823
1067 864
1067 1041
1067 593
1067 835
1067 884
1067 916
1067 908
1067 574
1067 944
1067 1171
1067 570
1067 493
1067 954
1067 1130
1067 973
1067 1093
1067 528
1067 656
1067 1072
1067 1000
1067 653
1067 1189
1067 641
1067 600
1067 438
1067 682
1067 1091
1067 991
1067 1061
1067 436
1067 891
1067 417
1067 499
1067 919
1067 420
1067 875
1067 1122
1067 1191
1067 1158
1067 939
1067 521
1067 1027
1067 920
1067 914
1067 833
1067 1035
1067 448
1067 1052
1072 819
1072 994
1072 995
1072 1049
1072 1089
1072 1101
1072 831
1072 936
1072 987
1072 1030
1072 1056
1072 1067
1072 964
1072 1159
1072 816
1072 817
1072 827
1072 907
1072 910
1072 915
1072 1095
1072 1023
1072 1047
1072 815
1072 818
1072 832
1072 834
1072 1100
1072 1045
1072 1031
1078 908
1078 915
1078 1049
1078 1067
1078 1082
1078 1085
1078 1089
1078 1153
1078 1167
1078 645
1078 1039
1078 1056
1078 936
1078 676
1078 834
1078 846
1078 857
1078 937
1078 897
1078 1048
1078 777
1078 1030
1078 1100
1078 813
1078 934
1078 1001
1078 832
1078 1045
1078 1189
1078 836
1078 894
1078 965
1078 602
1078 629
1078 815
1078 964
1078 841
1078 1165
1078 1066
1078 907
1078 783
1078 646
1078 456
1078 620
1078 1081
1078 961
1078 1132
1078 817
1078 1119
1078 1060
1078 1028
1078 1090
1078 831
1078 1148
1078 1044
1078 1035
1078 835
1078 818
1078 601
1078 842
1078 1031
1078 418
1078 1052
1081 816
1081 936
1081 1049
1081 1056
1081 1060
1081 1067
1081 915
1081 1030
1081 602
1081 1045
1081 601
1081 819
1081 880
1081 934
1081 994
1081 995
1081 1065
1081 964
1081 643
1081 646
1081 812
1081 1039
1081 620
1081 817
1081 987
1081 1078
1081 666
1081 868
1081 894
1082 1078
1082 1167
1082 936
1082 834
1082 1049
1082 1030
1082 813
1082 915
1082 1056
1082 1067
1082 602
1082 964
1085 1078
1085 1153
1085 936
1085 1049
1085 1056
1087 817
1087 1049
1087 1100
1087 1148
1087 834
1089 831
1089 1016
1089 1023
1089 1049
1089 1066
1089 1078
1089 1153
1089 1167
1089 909
1089 936
1089 1056
1089 1174
1089 819
1089 827
1089 865
1089 912
1089 897
1089 964
1089 1045
1089 834
1089 836
1089 1189
1089 1100
1089 835
1089 983
1089 511
1089 833
1089 445
1089 815
1089 994
1089 995
1089 1119
1089 602
1089 666
1089 832
1089 846
1089 1101
1089 676
1089 842
1089 894
1089 1035
1089 816
1089 820
1089 828
1089 862
1089 880
1089 907
1089 937
1089 961
1089 987
1089 1044
1089 1067
1089 1095
1089 1159
1089 817
1089 1031
1089 1165
1089 1090
1089 1132
1089 1148
1089 1072
1089 934
1089 818
1089 857
1089 942
1089 1030
1089 616
1089 1001
1089 539
1089 777
1089 867
1089 839
1089 965
1089 521
1089 665
1089 528
1089 925
1089 915
1089 1039
1089 805
1089 662
1089 691
1089 438
1090 817
1090 819
1090 820
1090 907
1090 1095
1090 1100
1090 964
1090 1119
1090 783
1090 834
1090 1049
1090 1056
1090 1067
1090 1132
1090 1167
1090 511
1090 894
1090 1089
1090 1148
1090 958
1090 938
1090 1023
1090 805
1090 864
1090 865
1090 947
1090 953
1090 961
1090 1041
1090 1044
1090 1151
1090 1120
1090 857
1090 824
1090 831
1090 936
1090 815
1090 987
1090 1045
1090 893
1090 1165
1090 1030
1090 1031
1090 816
1090 836
1090 827
1090 965
1090 1101
1090 832
1090 683
1090 937
1090 882
1090 826
1090 1093
1090 427
1090 835
1090 944
1090 662
1090 818
1090 880
1090 979
1090 436
1090 828
1090 1153
1090 867
1090 884
1090 897
1090 1027
1090 1028
1090 739
1090 1078
1090 1091
1090 898
1090 862
1090 671
1090 749
1090 946
1090 442
1090 668
1090 731
1090 675
1090 866
1091 865
1091 953
1091 958
1091 817
1091 834
1091 964
1091 1049
1091 1100
1091 1148
1091 427
1091 819
1091 907
1091 947
1091 857
1091 1031
1091 1067
1091 1095
1091 805
1091 936
1091 1090
1093 947
1093 817
1093 987
1093 1056
1093 666
1093 834
1093 936
1093 1045
1093 1049
1093 1067
1093 907
1093 964
1093 1031
1093 1095
1093 1100
1093 528
1093 819
1093 857
1093 1119
1093 1148
1093 418
1093 682
1093 1090
1093 1101
1093 1165
1093 601
1093 499
1093 815
1093 894
1093 965
1093 915
1093 1132
1093 1153
1093 438
1093 816
1093 1030
1093 945
1093 836
1094 819
1094 1049
1095 907
1095 953
1095 1100
1095 817
1095 831
1095 832
1095 897
1095 987
1095 1049
1095 1067
1095 827
1095 828
1095 898
1095 936
1095 995
1095 1098
1095 436
1095 824
1095 978
1095 979
1095 1165
1095 862
1095 623
1095 945
1095 958
1095 1030
1095 819
1095 820
1095 967
1095 1090
1095 826
1095 867
1095 868
1095 880
1095 882
1095 1028
1095 1045
1095 1056
1095 815
1095 983
1095 834
1095 836
1095 947
1095 964
1095 1148
1095 586
1095 593
1095 865
1095 873
1095 886
1095 857
1095 965
1095 894
1095 645
1095 662
1095 713
1095 1023
1095 1159
1095 915
1095 994
1095 1031
1095 1042
1095 1065
1095 912
1095 913
1095 1044
1095 1182
1095 590
1095 816
1095 909
1095 937
1095 1089
1095 1138
1095 1101
1095 1122
1095 1001
1095 427
1095 910
1095 1119
1095 818
1095 888
1095 1130
1095 1060
1095 1093
1095 864
1095 749
1095 1091
1095 805
1095 823
1095 1132
1095 569
1095 493
1095 1072
1095 682
1095 463
1095 1153
1095 783
1097 1049
1097 1023
1098 907
1098 1095
1098 817
1098 987
1098 1067
1098 995
1098 819
1098 936
1098 994
1098 1045
1098 1056
1098 816
1098 820
1098 1049
1098 1130
1098 815
1098 964
1098 1030
1098 1165
1098 682
1098 831
1098 1100
1098 1101
1098 947
1098 827
1098 897
1100 907
1100 953
1100 1095
1100 817
1100 824
1100 978
1100 979
1100 1165
1100 834
1100 836
1100 1049
1100 1056
1100 1089
1100 1167
1100 623
1100 777
1100 945
1100 958
1100 1030
1100 1067
1100 1078
1100 819
1100 820
1100 967
1100 1090
1100 910
1100 894
1100 815
1100 880
1100 936
1100 827
1100 831
1100 832
1100 897
1100 987
1100 1045
1100 1159
1100 683
1100 947
1100 964
1100 1148
1100 818
1100 1101
1100 1119
1100 937
1100 938
1100 1091
1100 857
1100 1031
1100 1132
1100 865
1100 816
1100 427
1100 662
1100 713
1100 1093
1100 682
1100 1098
1100 1087
1100 1153
1100 965
1100 862
1100 1044
1100 783
1100 828
1100 1072
1100 749
1100 961
1100 1023
1101 865
1101 912
1101 947
1101 953
1101 994
1101 1044
1101 936
1101 1049
1101 1056
1101 511
1101 602
1101 666
1101 832
1101 846
1101 1066
1101 1089
1101 676
1101 834
1101 894
1101 937
1101 1189
1101 995
1101 1031
1101 1045
1101 842
1101 880
1101 1030
1101 815
1101 828
1101 857
1101 867
1101 820
1101 897
1101 907
1101 1095
1101 862
1101 964
1101 987
1101 1119
1101 817
1101 1067
1101 836
1101 438
1101 586
1101 1001
1101 1159
1101 827
1101 831
1101 816
1101 983
1101 1165
1101 1100
1101 427
1101 819
1101 958
1101 1072
1101 938
1101 1132
1101 1023
1101 785
1101 979
1101 818
1101 570
1101 915
1101 1047
1101 1167
1101 777
1101 1060
1101 986
1101 978
1101 1090
1101 837
1101 1098
1101 436
1101 913
1101 961
1101 824
1101 805
1101 1148
1101 925
1101 1093
1101 528
1101 910
1101 682
1101 1035
1101 675
1107 1049
1107 1056
1107 666
1108 832
1108 839
1108 857
1108 867
1108 882
1108 897
1108 1027
1108 1028
1108 1113
1108 1135
1108 880
1108 898
1108 1174
1108 995
1108 1119
1108 936
1108 1001
1108 1045
1108 1049
1108 1056
1108 1067
1108 868
1108 894
1108 907
1108 489
1108 826
1108 831
1108 828
1108 875
1108 964
1108 1031
1108 884
1108 909
1108 910
1113 832
1113 839
1113 857
1113 867
1113 882
1113 897
1113 1027
1113 1028
1113 1108
1113 1135
1113 880
1113 898
1113 1174
1113 919
1113 994
1113 995
1113 1119
1113 831
1113 1001
1113 1031
1113 1049
1113 826
1113 907
1113 1056
1113 1067
1113 489
1113 868
1113 586
1113 598
1113 827
1113 828
1113 936
1113 834
1113 891
1113 894
1113 942
1113 1023
1113 1045
1113 815
1113 875
1113 909
1113 964
1113 865
1113 884
1113 910
1119 832
1119 867
1119 880
1119 884
1119 897
1119 898
1119 964
1119 995
1119 739
1119 857
1119 1041
1119 1056
1119 865
1119 912
1119 913
1119 862
1119 1135
1119 493
1119 1174
1119 548
1119 919
1119 994
1119 1108
1119 1113
1119 868
1119 979
1119 987
1119 815
1119 936
1119 1089
1119 831
1119 834
1119 846
1119 909
1119 1049
1119 1165
1119 586
1119 836
1119 908
1119 1175
1119 666
1119 939
1119 967
1119 1039
1119 1153
1119 1067
1119 971
1119 839
1119 1132
1119 1159
1119 499
1119 934
1119 938
1119 817
1119 1090
1119 891
1119 937
1119 1176
1119 713
1119 906
1119 965
1119 1101
1119 537
1119 882
1119 1001
1119 828
1119 521
1119 819
1119 907
1119 820
1119 961
1119 1044
1119 805
1119 806
1119 894
1119 1148
1119 1045
1119 1100
1119 1031
1119 824
1119 917
1119 918
1119 1023
1119 1095
1119 749
1119 958
1119 1120
1119 1043
1119 942
1119 1167
1119 1189
1119 944
1119 1171
1119 528
1119 777
1119 915
1119 818
1119 1030
1119 816
1119 489
1119 893
1119 953
1119 662
1119 1093
1119 864
1119 1028
1119 947
1119 910
1119 983
1119 826
1119 827
1119 925
1119 933
1119 837
1119 1138
1119 1078
1119 1027
1119 783
1119 683
1119 785
1120 427
1120 540
1120 805
1120 862
1120 865
1120 1044
1120 1163
1120 857
1120 958
1120 965
1120 1049
1120 1090
1120 1119
1120 964
1120 864
1120 436
1120 947
1120 1165
1122 1138
1122 1095
1122 1067
1130 936
1130 1049
1130 1056
1130 1045
1130 1067
1130 907
1130 1095
1130 1098
1130 1030
1132 836
1132 839
1132 1049
1132 1119
1132 666
1132 834
1132 1056
1132 1067
1132 1090
1132 1167
1132 857
1132 820
1132 961
1132 964
1132 831
1132 832
1132 880
1132 936
1132 894
1132 1089
1132 1148
1132 938
1132 1031
1132 937
1132 1100
1132 1101
1132 1045
1132 1159
1132 1030
1132 499
1132 815
1132 1165
1132 933
1132 983
1132 907
1132 777
1132 818
1132 882
1132 965
1132 893
1132 934
1132 528
1132 897
1132 1044
1132 1095
1132 805
1132 817
1132 819
1132 827
1132 1171
1132 1153
1132 987
1132 1078
1132 662
1132 1093
1132 713
1132 864
1135 832
1135 867
1135 882
1135 1108
1135 1113
1135 1119
1135 880
1135 1174
1135 831
1138 1122
1138 1067
1138 1095
1138 1049
1138 1119
1148 817
1148 831
1148 832
1148 834
1148 836
1148 839
1148 936
1148 964
1148 1095
1148 907
1148 910
1148 937
1148 1031
1148 683
1148 1049
1148 1100
1148 749
1148 857
1148 662
1148 783
1148 820
1148 882
1148 1045
1148 1067
1148 1153
1148 894
1148 1056
1148 1089
1148 1090
1148 1119
1148 1132
1148 815
1148 938
1148 1030
1148 1091
1148 731
1148 958
1148 1159
1148 1165
1148 1167
1148 880
1148 819
1148 965
1148 827
1148 1093
1148 961
1148 1101
1148 884
1148 912
1148 865
1148 1087
1148 818
1148 816
1148 841
1148 1078
1148 837
1148 864
1148 946
1151 862
1151 1049
1151 805
1151 864
1151 865
1151 1044
1151 1090
1153 864
1153 1078
1153 1085
1153 1089
1153 1167
1153 602
1153 1030
1153 857
1153 936
1153 937
1153 1049
1153 666
1153 964
1153 967
1153 1056
1153 1119
1153 1044
1153 908
1153 1165
1153 662
1153 683
1153 783
1153 820
1153 832
1153 834
1153 1031
1153 1045
1153 1067
1153 1148
1153 816
1153 817
1153 1159
1153 894
1153 907
1153 965
1153 915
1153 961
1153 1132
1153 1100
1153 528
1153 815
1153 1095
1153 819
1153 1090
1153 1093
1153 836
1153 818
1153 880
1153 837
1153 805
1153 777
1153 749
1158 1067
1159 915
1159 1049
1159 815
1159 832
1159 964
1159 645
1159 817
1159 819
1159 907
1159 925
1159 994
1159 1045
1159 1056
1159 836
1159 936
1159 1067
1159 834
1159 586
1159 867
1159 662
1159 839
1159 1167
1159 666
1159 1119
1159 1023
1159 1047
1159 713
1159 1095
1159 816
1159 820
1159 828
1159 880
1159 909
1159 937
1159 961
1159 987
1159 1089
1159 827
1159 831
1159 983
1159 1100
1159 1165
1159 777
1159 894
1159 1101
1159 995
1159 857
1159 818
1159 1039
1159 1132
1159 602
1159 1153
1159 942
1159 934
1159 1148
1159 1066
1159 1072
1159 528
1161 1049
1161 817
1163 540
1163 805
1163 862
1163 865
1163 1044
1163 1120
1163 550
1163 857
1163 880
1163 973
1163 1171
1163 962
1165 1049
1165 1044
1165 438
1165 817
1165 907
1165 1095
1165 1100
1165 1030
1165 938
1165 815
1165 831
1165 834
1165 846
1165 936
1165 987
1165 995
1165 1056
1165 1119
1165 836
1165 666
1165 683
1165 1167
1165 602
1165 832
1165 964
1165 819
1165 827
1165 983
1165 1045
1165 1067
1165 1159
1165 1153
1165 777
1165 994
1165 816
1165 1031
1165 1089
1165 1101
1165 828
1165 865
1165 894
1165 1039
1165 537
1165 857
1165 820
1165 937
1165 1132
1165 818
1165 805
1165 864
1165 1023
1165 1090
1165 1148
1165 1189
1165 662
1165 841
1165 1078
1165 965
1165 1098
1165 528
1165 961
1165 1093
1165 934
1165 925
1165 944
1165 1032
1165 947
1165 958
1165 1120
1167 1078
1167 1082
1167 1089
1167 1153
1167 936
1167 1056
1167 602
1167 1030
1167 965
1167 1067
1167 834
1167 836
1167 964
1167 1189
1167 1049
1167 1100
1167 831
1167 983
1167 511
1167 1023
1167 665
1167 666
1167 777
1167 813
1167 1031
1167 662
1167 1159
1167 846
1167 934
1167 1039
1167 894
1167 1165
1167 832
1167 676
1167 1035
1167 783
1167 1090
1167 1132
1167 815
1167 938
1167 1045
1167 880
1167 820
1167 817
1167 857
1167 942
1167 1119
1167 937
1167 867
1167 915
1167 1101
1167 819
1167 907
1167 818
1167 1148
1167 1016
1167 1066
1167 841
1167 645
1167 961
1167 1171
1171 857
1171 1049
1171 1056
1171 815
1171 964
1171 1067
1171 1119
1171 817
1171 880
1171 1163
1171 936
1171 1132
1171 937
1171 1167
1171 820
1173 1049
1173 815
1173 942
1173 964
1173 936
1174 880
1174 898
1174 1108
1174 1113
1174 436
1174 831
1174 1089
1174 1119
1174 865
1174 912
1174 862
1174 979
1174 1067
1174 928
1174 1044
1174 891
1174 1175
1174 867
1174 489
1174 598
1174 882
1174 936
1174 1056
1174 1135
1174 805
1174 995
1174 994
1174 1049
1174 857
1174 954
1174 832
1174 953
1175 936
1175 1119
1175 867
1175 891
1175 1176
1175 1174
1176 891
1176 1119
1176 1175
1181 912
1181 913
1181 864
1181 865
1181 1182
1182 862
1182 864
1182 865
1182 912
1182 913
1182 1044
1182 1067
1182 928
1182 1095
1182 1181
1189 834
1189 836
1189 964
1189 1089
1189 1167
1189 676
1189 846
1189 894
1189 936
1189 937
1189 1049
1189 1056
1189 1101
1189 463
1189 832
1189 880
1189 1045
1189 1078
1189 987
1189 831
1189 602
1189 1035
1189 1119
1189 867
1189 1023
1189 438
1189 666
1189 777
1189 1067
1189 1165
1189 521
1189 925
1189 1031
1189 817
1189 820
1189 815
1189 942
1191 1060
1191 1067
