10 282
10 338
10 348
10 389
10 138
10 363
10 211
10 367
10 369
10 253
14 376
14 236
14 259
14 286
14 306
14 367
14 312
14 193
14 246
14 313
14 308
14 274
14 348
14 265
14 266
14 269
14 293
14 314
14 346
14 227
14 94
14 222
14 328
14 219
14 202
14 290
14 363
14 147
14 276
14 164
14 349
14 244
14 106
14 304
14 185
14 212
14 303
14 272
14 285
18 372
27 206
27 299
28 377
29 306
29 330
29 367
29 259
29 266
29 308
29 363
29 303
29 328
29 348
29 325
29 353
29 357
29 241
29 211
29 372
29 144
29 274
29 283
29 295
38 363
41 389
47 367
57 283
57 357
57 208
57 259
57 267
57 349
57 367
57 328
57 372
57 236
57 348
57 147
57 266
57 274
57 165
57 376
57 353
61 81
62 348
62 283
62 357
69 210
71 363
71 338
80 246
80 222
80 274
80 276
80 348
80 363
80 367
80 308
80 299
80 283
80 165
81 138
81 125
81 61
86 367
86 348
86 266
86 236
86 274
86 308
86 290
86 306
88 138
88 165
88 299
88 363
88 197
88 325
88 227
88 348
88 367
88 262
88 306
94 363
94 286
94 306
94 14
94 269
94 206
94 328
94 330
94 271
95 135
95 254
95 363
95 348
95 286
106 338
106 217
106 286
106 306
106 348
106 236
106 363
106 376
106 282
106 290
106 308
106 274
106 14
106 276
110 348
110 217
110 236
110 308
110 305
113 338
119 367
120 196
120 326
120 222
120 306
120 367
120 214
120 267
120 363
120 383
120 246
120 286
120 261
120 241
120 372
120 257
120 295
120 333
120 332
123 246
123 363
123 367
123 375
123 338
125 236
125 81
126 160
126 212
126 313
126 348
126 367
126 363
126 282
126 259
130 376
130 335
130 372
130 290
130 363
130 208
130 314
130 165
130 246
130 306
130 196
133 315
133 367
133 274
133 348
133 266
133 219
133 357
133 283
135 254
135 306
135 376
135 308
135 95
135 363
135 338
135 211
135 290
135 276
135 286
135 348
135 369
135 274
138 10
138 286
138 306
138 314
138 348
138 372
138 376
138 81
138 242
138 329
138 338
138 389
138 367
138 211
138 165
138 88
138 246
138 312
138 363
138 197
138 344
138 369
138 198
138 236
144 29
147 349
147 193
147 208
147 367
147 286
147 306
147 259
147 308
147 363
147 348
147 357
147 165
147 247
147 266
147 274
147 283
147 312
147 14
147 211
147 328
147 57
147 376
147 217
147 236
151 363
151 314
151 367
151 308
151 306
151 286
151 389
151 206
156 363
156 286
156 348
156 274
156 254
156 306
156 208
159 367
159 328
160 290
160 313
160 348
160 126
160 203
160 363
160 367
164 290
164 306
164 14
164 363
165 337
165 325
165 344
165 363
165 231
165 294
165 299
165 306
165 367
165 349
165 208
165 286
165 383
165 354
165 147
165 375
165 138
165 312
165 357
165 88
165 246
165 314
165 322
165 57
165 372
165 80
165 130
165 206
165 348
174 348
185 363
185 219
185 246
185 290
185 14
185 207
185 306
188 266
190 264
193 222
193 306
193 367
193 376
193 147
193 208
193 299
193 389
193 14
193 246
193 353
193 308
193 259
193 349
193 348
193 290
193 346
193 266
193 369
193 236
193 274
193 217
193 211
193 253
193 319
193 286
193 363
193 328
193 383
193 305
193 276
193 365
195 363
196 383
196 120
196 211
196 389
196 208
196 257
196 332
196 308
196 348
196 259
196 246
196 376
196 306
196 358
196 286
196 353
196 266
196 312
196 367
196 372
196 130
196 276
196 314
196 333
197 341
197 88
197 138
197 262
197 367
198 363
198 348
198 217
198 138
198 314
198 306
198 242
199 367
200 348
201 308
202 274
202 348
202 306
202 276
202 367
202 222
202 14
202 217
202 290
202 299
202 241
202 286
202 363
202 266
202 308
203 286
203 306
203 367
203 363
203 328
203 241
203 160
203 214
203 295
206 299
206 382
206 278
206 94
206 363
206 271
206 27
206 208
206 306
206 286
206 344
206 348
206 367
206 165
206 151
207 376
207 333
207 314
207 348
207 257
207 367
207 363
207 185
207 372
208 147
208 193
208 299
208 367
208 389
208 308
208 267
208 349
208 358
208 376
208 283
208 357
208 236
208 266
208 353
208 57
208 259
208 246
208 165
208 344
208 276
208 257
208 286
208 312
208 314
208 319
208 363
208 306
208 196
208 328
208 348
208 293
208 274
208 269
208 206
208 130
208 294
208 332
208 211
208 156
208 290
208 262
208 309
208 372
208 346
208 278
208 338
210 266
210 299
210 367
210 246
210 308
210 274
210 348
210 278
210 283
210 309
210 69
211 369
211 286
211 349
211 306
211 303
211 274
211 367
211 389
211 196
211 290
211 328
211 376
211 348
211 363
211 135
211 269
211 138
211 372
211 245
211 10
211 314
211 329
211 193
211 253
211 308
211 29
211 338
211 283
211 147
211 217
211 357
211 353
211 266
211 208
211 358
211 313
211 312
211 305
212 290
212 328
212 367
212 126
212 313
212 274
212 348
212 314
212 376
212 217
212 346
212 14
214 241
214 286
214 363
214 367
214 295
214 306
214 120
214 261
214 330
214 328
214 383
214 203
215 306
215 348
215 274
217 367
217 348
217 259
217 236
217 274
217 349
217 306
217 328
217 346
217 106
217 286
217 219
217 345
217 308
217 110
217 353
217 363
217 222
217 282
217 202
217 290
217 193
217 227
217 312
217 147
217 211
217 283
217 357
217 372
217 383
217 212
217 373
217 246
217 376
217 198
217 276
217 313
217 254
217 371
219 222
219 306
219 217
219 290
219 348
219 185
219 246
219 14
219 328
219 286
219 367
219 345
219 276
219 282
219 363
219 376
219 308
219 133
219 313
219 274
219 346
222 276
222 193
222 306
222 330
222 367
222 376
222 266
222 80
222 219
222 269
222 245
222 244
222 283
222 293
222 247
222 323
222 120
222 314
222 257
222 202
222 241
222 14
222 328
222 349
222 303
222 217
222 290
222 348
222 246
222 286
222 363
222 389
222 274
222 313
222 308
222 259
222 357
227 274
227 14
227 88
227 308
227 217
229 383
231 165
231 294
231 299
231 306
231 367
231 363
231 276
231 376
236 14
236 290
236 306
236 367
236 259
236 266
236 217
236 208
236 363
236 348
236 86
236 274
236 276
236 106
236 241
236 286
236 283
236 357
236 377
236 308
236 110
236 269
236 314
236 254
236 282
236 346
236 312
236 389
236 193
236 125
236 349
236 376
236 303
236 375
236 246
236 57
236 372
236 147
236 264
236 138
237 322
237 306
237 363
237 367
237 261
241 247
241 286
241 306
241 357
241 276
241 214
241 269
241 295
241 363
241 322
241 330
241 348
241 367
241 261
241 266
241 236
241 222
241 202
241 29
241 203
241 267
241 308
241 120
242 338
242 348
242 389
242 138
242 246
242 198
244 222
244 308
244 290
244 363
244 14
244 313
244 303
244 376
244 274
244 306
244 272
245 222
245 303
245 308
245 363
245 211
245 389
245 328
246 353
246 325
246 306
246 367
246 257
246 276
246 286
246 376
246 80
246 14
246 193
246 363
246 308
246 352
246 208
246 290
246 330
246 348
246 266
246 185
246 219
246 138
246 165
246 210
246 247
246 299
246 314
246 319
246 344
246 282
246 346
246 328
246 222
246 269
246 305
246 349
246 294
246 375
246 123
246 236
246 283
246 242
246 304
246 196
246 383
246 372
246 217
246 274
246 329
246 130
246 120
247 241
247 259
247 269
247 363
247 367
247 222
247 147
247 312
247 357
247 246
247 299
247 349
247 306
247 266
247 348
247 308
247 383
247 286
247 372
252 373
252 389
252 348
253 274
253 348
253 349
253 367
253 389
253 308
253 369
253 338
253 193
253 211
253 10
254 135
254 306
254 376
254 363
254 308
254 354
254 286
254 367
254 236
254 95
254 266
254 348
254 156
254 328
254 217
257 246
257 276
257 286
257 376
257 293
257 208
257 222
257 352
257 367
257 196
257 332
257 308
257 348
257 349
257 266
257 353
257 372
257 358
257 259
257 333
257 207
257 383
257 267
257 389
257 312
257 314
257 120
257 387
259 247
259 14
259 357
259 147
259 267
259 29
259 236
259 266
259 217
259 348
259 306
259 367
259 193
259 299
259 57
259 208
259 349
259 328
259 274
259 363
259 376
259 312
259 308
259 303
259 276
259 325
259 372
259 196
259 283
259 257
259 293
259 346
259 290
259 222
259 353
259 286
259 126
259 295
260 367
261 241
261 295
261 306
261 363
261 214
261 120
261 286
261 237
262 348
262 367
262 267
262 274
262 312
262 197
262 88
262 306
262 290
262 349
262 208
264 190
264 236
265 14
266 328
266 210
266 29
266 236
266 259
266 286
266 306
266 222
266 274
266 367
266 363
266 86
266 348
266 208
266 376
266 276
266 14
266 241
266 293
266 314
266 346
266 246
266 308
266 147
266 267
266 283
266 357
266 193
266 303
266 349
266 133
266 299
266 202
266 313
266 247
266 57
266 254
266 257
266 353
266 290
266 372
266 211
266 358
266 383
266 312
266 389
266 188
266 332
266 196
266 344
266 282
267 259
267 208
267 308
267 57
267 349
267 367
267 262
267 328
267 269
267 319
267 363
267 266
267 357
267 120
267 306
267 274
267 354
267 376
267 241
267 257
267 372
269 247
269 363
269 241
269 222
269 306
269 286
269 14
269 293
269 314
269 346
269 354
269 211
269 376
269 267
269 308
269 94
269 274
269 357
269 236
269 246
269 276
269 290
269 208
269 367
269 372
269 348
270 282
270 338
271 206
271 94
271 363
271 330
272 313
272 303
272 14
272 244
274 369
274 290
274 348
274 308
274 328
274 367
274 212
274 211
274 306
274 286
274 376
274 266
274 80
274 202
274 217
274 349
274 253
274 346
274 86
274 236
274 14
274 133
274 315
274 389
274 319
274 303
274 283
274 357
274 363
274 262
274 227
274 147
274 313
274 282
274 259
274 269
274 338
274 210
274 193
274 208
274 106
274 299
274 267
274 29
274 244
274 222
274 156
274 57
274 219
274 314
274 383
274 246
274 305
274 215
274 362
274 135
276 222
276 346
276 246
276 257
276 286
276 376
276 314
276 348
276 367
276 345
276 241
276 306
276 357
276 266
276 236
276 202
276 208
276 80
276 290
276 308
276 282
276 135
276 372
276 219
276 14
276 269
276 323
276 363
276 299
276 312
276 259
276 389
276 231
276 106
276 217
276 196
276 193
278 299
278 206
278 210
278 382
278 367
278 208
278 344
282 10
282 338
282 348
282 389
282 290
282 376
282 286
282 274
282 217
282 246
282 276
282 346
282 367
282 236
282 293
282 126
282 219
282 363
282 353
282 312
282 323
282 106
282 308
282 328
282 313
282 270
282 266
283 57
283 357
283 349
283 367
283 208
283 308
283 328
283 376
283 222
283 348
283 363
283 274
283 266
283 236
283 147
283 62
283 306
283 211
283 303
283 290
283 246
283 312
283 29
283 259
283 210
283 286
283 217
283 309
283 80
283 371
283 133
283 372
285 14
286 363
286 306
286 211
286 246
286 257
286 276
286 376
286 241
286 357
286 147
286 214
286 14
286 203
286 367
286 295
286 322
286 330
286 94
286 348
286 266
286 383
286 274
286 106
286 138
286 217
286 314
286 269
286 165
286 372
286 208
286 236
286 290
286 254
286 369
286 282
286 219
286 135
286 308
286 222
286 202
286 352
286 353
286 389
286 156
286 193
286 206
286 283
286 307
286 151
286 259
286 196
286 328
286 247
286 95
286 120
286 261
288 383
290 274
290 212
290 328
290 367
290 160
290 313
290 348
290 236
290 376
290 308
290 219
290 383
290 164
290 282
290 312
290 211
290 303
290 246
290 276
290 363
290 338
290 193
290 346
290 306
290 314
290 286
290 135
290 244
290 14
290 202
290 217
290 222
290 372
290 349
290 269
290 262
290 106
290 130
290 283
290 266
290 185
290 259
290 208
290 357
290 86
293 306
293 376
293 308
293 257
293 342
293 222
293 367
293 14
293 266
293 269
293 314
293 346
293 363
293 299
293 323
293 208
293 312
293 357
293 282
293 348
293 259
294 165
294 231
294 299
294 367
294 323
294 246
294 363
294 372
294 208
295 241
295 286
295 306
295 261
295 214
295 383
295 29
295 203
295 120
295 259
299 193
299 208
299 367
299 389
299 206
299 382
299 278
299 376
299 349
299 372
299 165
299 210
299 231
299 294
299 306
299 308
299 259
299 328
299 293
299 88
299 246
299 247
299 314
299 363
299 266
299 344
299 202
299 276
299 387
299 80
299 274
299 348
299 309
299 27
303 349
303 348
303 211
303 245
303 29
303 308
303 363
303 274
303 290
303 328
303 376
303 312
303 222
303 266
303 389
303 259
303 244
303 236
303 306
303 283
303 272
303 305
303 367
303 14
304 348
304 346
304 363
304 14
304 246
305 363
305 367
305 246
305 110
305 306
305 303
305 308
305 373
305 211
305 348
305 274
305 193
306 286
306 29
306 193
306 222
306 330
306 367
306 376
306 246
306 135
306 254
306 293
306 241
306 357
306 147
306 276
306 363
306 348
306 14
306 203
306 295
306 349
306 369
306 236
306 211
306 237
306 353
306 322
306 266
306 165
306 231
306 299
306 389
306 383
306 274
306 219
306 269
306 261
306 308
306 202
306 217
306 259
306 106
306 138
306 314
306 215
306 94
306 372
306 120
306 326
306 354
306 313
306 164
306 290
306 346
306 208
306 352
306 319
306 328
306 375
306 214
306 262
306 312
306 247
306 283
306 267
306 303
306 338
306 206
306 305
306 151
306 196
306 156
306 307
306 185
306 198
306 309
306 130
306 244
306 86
306 88
306 344
307 286
307 306
308 208
308 274
308 328
308 135
308 293
308 193
308 299
308 306
308 283
308 290
308 147
308 349
308 267
308 246
308 14
308 363
308 29
308 217
308 245
308 303
308 254
308 313
308 338
308 354
308 376
308 348
308 244
308 345
308 86
308 266
308 276
308 269
308 346
308 367
308 253
308 369
308 236
308 353
308 210
308 286
308 259
308 389
308 196
308 257
308 80
308 227
308 357
308 309
308 211
308 106
308 282
308 219
308 151
308 247
308 110
308 315
308 202
308 222
308 305
308 332
308 358
308 372
308 201
308 241
309 363
309 308
309 328
309 299
309 367
309 283
309 210
309 208
309 306
312 14
312 367
312 314
312 290
312 348
312 208
312 247
312 303
312 357
312 376
312 165
312 138
312 363
312 262
312 328
312 345
312 259
312 387
312 147
312 293
312 236
312 306
312 282
312 276
312 346
312 217
312 283
312 349
312 211
312 266
312 372
312 196
312 257
313 160
313 290
313 348
313 367
313 14
313 363
313 126
313 212
313 328
313 308
313 338
313 376
313 272
313 306
313 315
313 346
313 274
313 244
313 266
313 219
313 222
313 211
313 217
313 282
314 276
314 348
314 367
314 363
314 352
314 138
314 286
314 306
314 312
314 14
314 266
314 269
314 293
314 222
314 212
314 207
314 208
314 290
314 165
314 246
314 299
314 211
314 236
314 345
314 151
314 337
314 328
314 130
314 274
314 354
314 372
314 198
314 376
314 196
314 257
315 367
315 133
315 274
315 348
315 313
315 328
315 308
319 330
319 367
319 363
319 274
319 267
319 208
319 246
319 306
319 349
319 193
322 241
322 286
322 237
322 306
322 367
322 357
322 165
322 363
323 367
323 222
323 294
323 293
323 348
323 363
323 276
323 282
325 246
325 165
325 348
325 363
325 328
325 88
325 29
325 259
325 372
326 120
326 306
326 363
326 367
328 212
328 290
328 367
328 266
328 274
328 308
328 383
328 325
328 283
328 217
328 267
328 313
328 348
328 299
328 259
328 211
328 303
328 376
328 29
328 363
328 14
328 222
328 219
328 312
328 57
328 208
328 246
328 306
328 94
328 245
328 147
328 309
328 315
328 314
328 193
328 203
328 349
328 372
328 282
328 346
328 214
328 254
328 389
328 286
328 159
329 138
329 338
329 389
329 211
329 246
330 319
330 29
330 222
330 306
330 367
330 363
330 241
330 286
330 348
330 246
330 389
330 94
330 214
330 271
332 376
332 348
332 196
332 257
332 354
332 372
332 208
332 308
332 266
332 333
332 120
333 207
333 257
333 372
333 120
333 196
333 348
333 332
335 130
335 372
337 165
337 363
337 314
337 367
337 372
338 113
338 10
338 242
338 282
338 348
338 389
338 106
338 369
338 135
338 346
338 308
338 313
338 376
338 363
338 138
338 329
338 290
338 253
338 274
338 306
338 367
338 211
338 71
338 123
338 270
338 208
341 197
342 293
344 352
344 165
344 208
344 138
344 246
344 367
344 349
344 363
344 299
344 376
344 206
344 372
344 354
344 266
344 306
344 278
344 375
344 382
345 276
345 217
345 308
345 346
345 219
345 348
345 312
345 314
346 276
346 376
346 217
346 274
346 348
346 367
346 14
346 266
346 269
346 293
346 338
346 313
346 193
346 290
346 308
346 304
346 306
346 363
346 246
346 282
346 345
346 236
346 312
346 259
346 328
346 212
346 208
346 219
348 10
348 242
348 282
348 338
348 389
348 372
348 160
348 290
348 313
348 276
348 314
348 367
348 274
348 62
348 303
348 306
348 325
348 363
348 262
348 217
348 241
348 286
348 174
348 259
348 86
348 376
348 202
348 266
348 349
348 236
348 253
348 346
348 106
348 138
348 147
348 357
348 330
348 14
348 126
348 328
348 219
348 383
348 133
348 315
348 283
348 304
348 312
348 193
348 212
348 308
348 110
348 211
348 80
348 246
348 29
348 198
348 332
348 88
348 323
348 369
348 377
348 210
348 345
348 222
348 208
348 196
348 257
348 207
348 215
348 247
348 57
348 293
348 254
348 206
348 299
348 156
348 353
348 252
348 135
348 269
348 305
348 95
348 387
348 165
348 373
348 200
348 333
349 147
349 211
349 303
349 283
349 367
349 208
349 376
349 299
349 372
349 306
349 369
349 389
349 165
349 217
349 274
349 348
349 253
349 308
349 57
349 259
349 267
349 193
349 222
349 363
349 344
349 247
349 266
349 290
349 236
349 257
349 319
349 14
349 246
349 328
349 312
349 262
349 357
352 344
352 363
352 314
352 246
352 306
352 257
352 367
352 286
352 353
352 372
353 246
353 193
353 306
353 367
353 208
353 217
353 308
353 29
353 363
353 282
353 286
353 352
353 257
353 266
353 211
353 348
353 57
353 259
353 357
353 196
354 165
354 269
354 306
354 254
354 308
354 332
354 363
354 344
354 267
354 314
357 241
357 286
357 306
357 57
357 283
357 259
357 208
357 276
357 367
357 147
357 348
357 376
357 363
357 274
357 322
357 247
357 312
357 165
357 266
357 267
357 236
357 269
357 387
357 293
357 308
357 29
357 211
357 217
357 133
357 353
357 349
357 290
357 222
357 372
357 62
358 208
358 376
358 257
358 266
358 211
358 196
358 308
359 367
362 389
362 274
363 286
363 247
363 269
363 305
363 352
363 330
363 306
363 94
363 325
363 348
363 314
363 375
363 241
363 369
363 151
363 367
363 313
363 165
363 185
363 246
363 266
363 231
363 236
363 147
363 319
363 383
363 308
363 29
363 198
363 135
363 245
363 303
363 254
363 283
363 357
363 10
363 338
363 293
363 337
363 211
363 203
363 274
363 290
363 389
363 80
363 267
363 376
363 244
363 328
363 304
363 346
363 349
363 88
363 138
363 208
363 299
363 312
363 156
363 217
363 206
363 126
363 214
363 38
363 259
363 14
363 372
363 344
363 106
363 353
363 261
363 202
363 323
363 222
363 219
363 282
363 309
363 276
363 237
363 322
363 71
363 123
363 193
363 354
363 294
363 130
363 195
363 207
363 95
363 271
363 164
363 326
363 160
363 120
365 367
365 193
367 217
367 29
367 193
367 222
367 306
367 330
367 376
367 246
367 147
367 208
367 299
367 389
367 315
367 365
367 212
367 290
367 328
367 276
367 314
367 348
367 305
367 283
367 349
367 14
367 203
367 286
367 319
367 313
367 372
367 369
367 274
367 236
367 323
367 241
367 353
367 363
367 165
367 210
367 231
367 294
367 86
367 266
367 312
367 357
367 211
367 199
367 247
367 253
367 322
367 259
367 346
367 57
367 267
367 202
367 133
367 262
367 293
367 126
367 80
367 138
367 308
367 120
367 254
367 344
367 88
367 214
367 257
367 352
367 219
367 282
367 371
367 387
367 197
367 269
367 383
367 278
367 373
367 375
367 382
367 338
367 123
367 151
367 309
367 359
367 206
367 260
367 207
367 337
367 47
367 303
367 10
367 159
367 237
367 196
367 326
367 160
367 119
369 211
369 274
369 306
369 349
369 367
369 338
369 363
369 389
369 376
369 253
369 308
369 286
369 348
369 138
369 193
369 135
369 10
371 367
371 283
371 217
372 348
372 299
372 349
372 367
372 138
372 286
372 306
372 211
372 130
372 335
372 290
372 363
372 389
372 276
372 376
372 29
372 259
372 325
372 383
372 57
372 352
372 344
372 257
372 332
372 294
372 269
372 236
372 266
372 165
372 217
372 328
372 246
372 337
372 308
372 312
372 314
372 208
372 247
372 357
372 196
372 120
372 283
372 18
372 267
372 333
372 207
373 252
373 367
373 217
373 305
373 348
375 363
375 165
375 306
375 236
375 246
375 367
375 123
375 344
376 14
376 193
376 222
376 306
376 367
376 135
376 254
376 293
376 246
376 257
376 276
376 286
376 346
376 299
376 207
376 208
376 349
376 358
376 290
376 332
376 274
376 348
376 266
376 130
376 138
376 283
376 357
376 211
376 303
376 328
376 308
376 313
376 338
376 369
376 269
376 282
376 312
376 363
376 259
376 372
376 236
376 219
376 106
376 344
376 389
376 147
376 212
376 244
376 196
376 231
376 57
376 217
376 267
376 314
376 383
377 236
377 348
377 28
381 383
382 206
382 299
382 278
382 367
382 344
383 196
383 328
383 286
383 306
383 165
383 363
383 290
383 348
383 295
383 367
383 372
383 193
383 217
383 246
383 288
383 274
383 266
383 247
383 120
383 229
383 257
383 214
383 376
383 387
383 381
387 312
387 357
387 367
387 299
387 348
387 257
387 383
389 193
389 208
389 299
389 367
389 10
389 242
389 282
389 338
389 348
389 306
389 349
389 369
389 211
389 274
389 253
389 252
389 138
389 329
389 363
389 196
389 245
389 303
389 330
389 372
389 236
389 308
389 286
389 222
389 276
389 376
389 151
389 266
389 328
389 362
389 257
389 41
